       0.025000        0.000000
       0.075000        0.000000
       0.125000        0.000000
       0.175000        0.000000
       0.225000        0.000000
       0.275000        0.000000
       0.325000        0.000000
       0.375000        0.000000
       0.425000        0.000000
       0.475000        0.000000
       0.525000        0.000000
       0.575000        0.000000
       0.625000        0.000000
       0.675000        0.000000
       0.725000        0.000000
       0.775000       12.292834
       0.825000       12.292834
       0.875000        0.000000
       0.925000        0.000000
       0.975000        0.000000
       1.025000        0.000000
       1.075000        0.000000
       1.125000        0.000000
       1.175000        0.000000
       1.225000        3.932369
       1.275000        3.932369
       1.325000        0.000000
       1.375000        0.000000
       1.425000        1.514348
       1.475000        1.514348
       1.525000        0.000000
       1.575000        0.000000
       1.625000        0.000000
       1.675000        0.000000
       1.725000        0.000000
       1.775000        0.000000
       1.825000        3.908233
       1.875000        3.908233
       1.925000        0.000000
       1.975000        0.000000
       2.025000        0.000000
       2.075000        0.000000
       2.125000        0.000000
       2.175000        0.000000
       2.225000        1.143960
       2.275000        1.143960
       2.325000        1.599850
       2.375000        1.599850
       2.425000        2.118355
       2.475000        2.118355
       2.525000        0.000000
       2.575000        0.000000
       2.625000        0.000000
       2.675000        2.338797
       2.725000        2.338797
       2.775000        0.000000
       2.825000        0.000000
       2.875000        0.000000
       2.925000        1.093361
       2.975000        1.093361
       3.025000        0.000000
       3.075000        1.843449
       3.125000        1.843449
       3.175000        0.000000
       3.225000        0.000000
       3.275000        1.821701
       3.325000        1.821701
       3.375000        0.000000
       3.425000        0.000000
       3.475000        0.000000
       3.525000        0.000000
       3.575000        0.000000
       3.625000        0.000000
       3.675000        4.113376
       3.725000        4.912861
       3.775000        1.610829
       3.825000        1.346046
       3.875000        0.884621
       3.925000        2.093882
       3.975000        1.743963
       4.025000        1.820018
       4.075000        2.857849
       4.125000        1.037831
       4.175000        1.247695
       4.225000        1.247695
       4.275000        0.000000
       4.325000        0.997321
       4.375000        1.528939
       4.425000        1.511149
       4.475000        0.979530
       4.525000        0.747561
       4.575000        0.747561
       4.625000        0.000000
       4.675000        0.229616
       4.725000        0.229616
       4.775000        0.968404
       4.825000        0.968404
       4.875000        0.000000
       4.925000        0.000000
       4.975000        0.000000
       5.025000        0.898851
       5.075000        0.898851
       5.125000        0.533101
       5.175000        0.533101
       5.225000        0.000000
       5.275000        0.243536
       5.325000        0.243536
       5.375000        0.000000
       5.425000        0.000000
       5.475000        0.159946
       5.525000        0.539348
       5.575000        0.379402
       5.625000        0.108168
       5.675000        0.449550
       5.725000        0.341381
       5.775000        0.000000
       5.825000        0.000000
       5.875000        0.000000
       5.925000        0.266508
       5.975000        0.266508
       6.025000        0.270617
       6.075000        0.270617
       6.125000        0.000001
       6.175000        0.000003
       6.225000        0.115840
       6.275000        0.300906
       6.325000        0.185071
       6.375000        0.000004
       6.425000        0.000017
       6.475000        0.000017
       6.525000        0.096851
       6.575000        0.153630
       6.625000        0.183818
       6.675000        0.127039
       6.725000        0.000040
       6.775000        0.000040
       6.825000        0.000000
       6.875000        0.000000
       6.925000        0.134762
       6.975000        0.220976
       7.025000        0.224940
       7.075000        0.138796
       7.125000        0.000069
       7.175000        0.000000
       7.225000        0.058555
       7.275000        0.058555
       7.325000        0.000000
       7.375000        0.000030
       7.425000        0.041321
       7.475000        0.041406
       7.525000        0.132306
       7.575000        0.132191
       7.625000        0.000000
       7.675000        0.065244
       7.725000        0.065244
       7.775000        0.000000
       7.825000        0.000107
       7.875000        0.000120
       7.925000        0.000186
       7.975000        0.070919
       8.025000        0.070746
       8.075000        0.073604
       8.125000        0.074165
       8.175000        0.000564
       8.225000        0.031416
       8.275000        0.031412
       8.325000        0.002115
       8.375000        0.052101
       8.425000        0.060470
       8.475000        0.014340
       8.525000        0.003857
       8.575000        0.000000
       8.625000        0.000011
       8.675000        0.031085
       8.725000        0.069175
       8.775000        0.038100
       8.825000        0.000000
       8.875000        0.000298
       8.925000        0.000302
       8.975000        0.000004
       9.025000        0.068077
       9.075000        0.081880
       9.125000        0.014146
       9.175000        0.040916
       9.225000        0.066384
       9.275000        0.026038
       9.325000        0.014713
       9.375000        0.014484
       9.425000        0.002924
       9.475000        0.013720
       9.525000        0.010796
       9.575000        0.007547
       9.625000        0.008023
       9.675000        0.030417
       9.725000        0.043565
       9.775000        0.033273
       9.825000        0.019649
       9.875000        0.002556
       9.925000        0.019503
       9.975000        0.024596
      10.025000        0.007846
      10.075000        0.008928
      10.125000        0.039424
      10.175000        0.030692
      10.225000        0.011466
      10.275000        0.045796
      10.325000        0.034330
      10.375000        0.002329
      10.425000        0.038529
      10.475000        0.052420
      10.525000        0.016220
      10.575000        0.000263
      10.625000        0.015343
      10.675000        0.025078
      10.725000        0.010022
      10.775000        0.015821
      10.825000        0.036034
      10.875000        0.026924
      10.925000        0.347446
      10.975000        0.963612
      11.025000        1.031342
      11.075000        0.765415
      11.125000        0.807330
      11.175000        0.859828
      11.225000        0.751795
      11.275000        0.564584
      11.325000        0.236330
      11.375000        0.037138
      11.425000        0.023069
      11.475000        0.006852
      11.525000        0.006804
      11.575000        0.000215
      11.625000        0.008021
      11.675000        0.007818
      11.725000        0.000012
      11.775000        0.000000
      11.825000        0.008406
      11.875000        0.018465
      11.925000        0.019185
      11.975000        0.009126
      12.025000        0.000006
      12.075000        0.000102
      12.125000        0.000095
      12.175000        0.000000
      12.225000        0.004073
      12.275000        0.008267
      12.325000        0.004195
      12.375000        0.008813
      12.425000        0.009092
      12.475000        0.000280
      12.525000        0.000642
      12.575000        0.002356
      12.625000        0.090389
      12.675000        0.088689
      12.725000        0.047218
      12.775000        0.047204
      12.825000        0.000435
      12.875000        0.090921
      12.925000        0.132284
      12.975000        0.041798
      13.025000        0.000007
      13.075000        0.163965
      13.125000        0.249997
      13.175000        0.086338
      13.225000        0.119624
      13.275000        0.197608
      13.325000        0.078282
      13.375000        0.080941
      13.425000        0.152823
      13.475000        0.071883
      13.525000        0.149357
      13.575000        0.297315
      13.625000        0.217376
      13.675000        0.144759
      13.725000        0.146429
      13.775000        0.178792
      13.825000        0.245107
      13.875000        0.137404
      13.925000        0.207030
      13.975000        0.410661
      14.025000        0.269790
      14.075000        0.167648
      14.125000        0.300949
      14.175000        0.326175
      14.225000        0.261180
      14.275000        0.393992
      14.325000        0.452703
      14.375000        0.382201
      14.425000        0.518008
      14.475000        0.717236
      14.525000        0.679956
      14.575000        0.636911
      14.625000        0.438009
      14.675000        0.244961
      14.725000        0.251075
      14.775000        0.167033
      14.825000        0.068117
      14.875000        0.066736
      14.925000        0.083998
      14.975000        0.017261
      15.025000        0.000000
      15.075000        0.000000
      15.125000        0.000000
      15.175000        0.000000
      15.225000        0.000000
      15.275000        0.001810
      15.325000        0.004415
      15.375000        0.002605
      15.425000        0.000000
      15.475000        0.000375
      15.525000        0.000375
      15.575000        0.002072
      15.625000        0.002072
      15.675000        0.003884
      15.725000        0.003884
      15.775000        0.002269
      15.825000        0.008325
      15.875000        0.006055
      15.925000        0.000000
      15.975000        0.000000
      16.025000        0.002609
      16.075000        0.007305
      16.125000        0.004696
      16.175000        0.005930
      16.225000        0.005930
      16.275000        0.000537
      16.325000        0.000598
      16.375000        0.005041
      16.425000        0.010215
      16.475000        0.005234
      16.525000        0.000000
      16.575000        0.000000
      16.625000        0.000000
      16.675000        0.006642
      16.725000        0.006642
      16.775000        0.000000
      16.825000        0.000000
      16.875000        0.002365
      16.925000        0.002365
      16.975000        0.003180
      17.025000        0.003812
      17.075000        0.000632
      17.125000        0.000000
      17.175000        0.003661
      17.225000        0.003661
      17.275000        0.006066
      17.325000        0.006066
      17.375000        0.000000
      17.425000        0.000000
      17.475000        0.000000
      17.525000        0.000000
      17.575000        0.001323
      17.625000        0.001323
      17.675000        0.000000
      17.725000        0.003032
      17.775000        0.003032
      17.825000        0.000678
      17.875000        0.000678
      17.925000        0.001886
      17.975000        0.002130
      18.025000        0.000243
      18.075000        0.000027
      18.125000        0.002286
      18.175000        0.002259
      18.225000        0.002446
      18.275000        0.002446
      18.325000        0.000000
      18.375000        0.000000
      18.425000        0.000000
      18.475000        0.000000
      18.525000        0.002282
      18.575000        0.002282
      18.625000        0.000000
      18.675000        0.000000
      18.725000        0.000966
      18.775000        0.000966
      18.825000        0.000000
      18.875000        0.000076
      18.925000        0.001148
      18.975000        0.001072
      19.025000        0.000000
      19.075000        0.000000
      19.125000        0.001346
      19.175000        0.001346
      19.225000        0.002137
      19.275000        0.002137
      19.325000        0.000000
      19.375000        0.000000
      19.425000        0.000000
      19.475000        0.000000
      19.525000        0.000333
      19.575000        0.000333
      19.625000        0.000000
      19.675000        0.000122
      19.725000        0.001234
      19.775000        0.001125
      19.825000        0.000014
      19.875000        0.000000
      19.925000        0.000601
      19.975000        0.000601
      20.025000        0.000000
      20.075000        0.000000
      20.125000        0.000000
      20.175000        0.000798
      20.225000        0.000798
      20.275000        0.000900
      20.325000        0.000900
      20.375000        0.000000
      20.425000        0.000000
      20.475000        0.000156
      20.525000        0.000156
      20.575000        0.000539
      20.625000        0.000539
      20.675000        0.000000
      20.725000        0.000000
      20.775000        0.000000
      20.825000        0.000354
      20.875000        0.000354
      20.925000        0.000334
      20.975000        0.000334
      21.025000        0.000000
      21.075000        0.000000
      21.125000        0.000000
      21.175000        0.000000
      21.225000        0.000646
      21.275000        0.000646
      21.325000        0.000542
      21.375000        0.000542
      21.425000        0.000064
      21.475000        0.000064
      21.525000        0.000007
      21.575000        0.000007
      21.625000        0.000000
      21.675000        0.000000
      21.725000        0.000000
      21.775000        0.000000
      21.825000        0.000398
      21.875000        0.000398
      21.925000        0.000179
      21.975000        0.000179
      22.025000        0.000000
      22.075000        0.000000
      22.125000        0.000000
      22.175000        0.000000
      22.225000        0.000274
      22.275000        0.000274
      22.325000        0.000000
      22.375000        0.000344
      22.425000        0.000344
      22.475000        0.000000
      22.525000        0.000000
      22.575000        0.000000
      22.625000        0.000171
      22.675000        0.000173
      22.725000        0.000006
      22.775000        0.000007
      22.825000        0.000011
      22.875000        0.000019
      22.925000        0.000235
      22.975000        0.000231
      23.025000        0.000039
      23.075000        0.000038
      23.125000        0.000072
      23.175000        0.000084
      23.225000        0.000215
      23.275000        0.000234
      23.325000        0.000059
      23.375000        0.000198
      23.425000        0.000177
      23.475000        0.000000
      23.525000        0.000000
      23.575000        0.000000
      23.625000        0.000000
      23.675000        0.000000
      23.725000        0.000000
      23.775000        0.000000
      23.825000        0.000000
      23.875000        0.000000
      23.925000        0.000000
      23.975000        0.000000
      24.025000        0.000000
      24.075000        0.000000
      24.125000        0.000000
      24.175000        0.000000
      24.225000        0.000000
      24.275000        0.000000
      24.325000        0.000000
      24.375000        0.000000
      24.425000        0.000000
      24.475000        0.000000
      24.525000        0.000000
      24.575000        0.000000
      24.625000        0.000000
      24.675000        0.000000
      24.725000        0.000000
      24.775000        0.000000
      24.825000        0.000000
      24.875000        0.000000
      24.925000        0.000000
      24.975000        0.000000
      25.025000        0.000000
      25.075000        0.000000
      25.125000        0.000000
      25.175000        0.000000
      25.225000        0.000000
      25.275000        0.000000
      25.325000        0.000000
      25.375000        0.000000
      25.425000        0.000000
      25.475000        0.000000
      25.525000        0.000000
      25.575000        0.000000
      25.625000        0.000000
      25.675000        0.000000
      25.725000        0.000000
      25.775000        0.000000
      25.825000        0.000000
      25.875000        0.000000
      25.925000        0.000000
      25.975000        0.000000
      26.025000        0.000000
      26.075000        0.000000
      26.125000        0.000000
      26.175000        0.000000
      26.225000        0.000000
      26.275000        0.000000
      26.325000        0.000000
      26.375000        0.000000
      26.425000        0.000000
      26.475000        0.000000
      26.525000        0.000000
      26.575000        0.000000
      26.625000        0.000000
      26.675000        0.000000
      26.725000        0.000000
      26.775000        0.000000
      26.825000        0.000000
      26.875000        0.000000
      26.925000        0.000000
      26.975000        0.000000
      27.025000        0.000000
      27.075000        0.000000
      27.125000        0.000000
      27.175000        0.000000
      27.225000        0.000000
      27.275000        0.000000
      27.325000        0.000000
      27.375000        0.000000
      27.425000        0.000000
      27.475000        0.000000
      27.525000        0.000000
      27.575000        0.000000
      27.625000        0.000000
      27.675000        0.000000
      27.725000        0.000000
      27.775000        0.000000
      27.825000        0.000000
      27.875000        0.000000
      27.925000        0.000000
      27.975000        0.000000
      28.025000        0.000000
      28.075000        0.000000
      28.125000        0.000000
      28.175000        0.000000
      28.225000        0.000000
      28.275000        0.000000
      28.325000        0.000000
      28.375000        0.000000
      28.425000        0.000000
      28.475000        0.000000
      28.525000        0.000000
      28.575000        0.000000
      28.625000        0.000000
      28.675000        0.000000
      28.725000        0.000000
      28.775000        0.000000
      28.825000        0.000000
      28.875000        0.000000
      28.925000        0.000000
      28.975000        0.000000
      29.025000        0.000000
      29.075000        0.000000
      29.125000        0.000000
      29.175000        0.000000
      29.225000        0.000000
      29.275000        0.000000
      29.325000        0.000000
      29.375000        0.000000
      29.425000        0.000000
      29.475000        0.000000
      29.525000        0.000000
      29.575000        0.000000
      29.625000        0.000000
      29.675000        0.000000
      29.725000        0.000000
      29.775000        0.000000
      29.825000        0.000000
      29.875000        0.000000
      29.925000        0.000000
