     1    1   17  0.79719206E-04  0.81784393E-05  0.13318550E-06 14.4027  2.0000
     1    1   18  0.20276034E-02  0.24014082E-04  0.18794608E-04 14.4402  2.0000
     1    1   19  0.49087453E-02  0.21795565E-03  0.11597234E-03 14.5495  2.0000
     1    1   20  0.15058721E-03  0.50376437E-02  0.13289328E-03 14.5528  2.0000
     1    1   21  0.15573904E-03  0.79557182E-04  0.57381791E-02 14.5567  2.0000
     1    1   22  0.87431995E-07  0.10632792E-02  0.10417155E-04 14.8346  2.0000
     1    1   23  0.46461247E-05  0.65209114E-03  0.20458762E-03 14.8347  2.0000
     1    1   24  0.98561397E-03  0.28922228E-03  0.31318497E-04 15.5664  2.0000
     1    1   25  0.16943055E-03  0.77264397E-03  0.12179648E-03 15.5816  2.0000
     1    1   26  0.10642242E-04  0.14852341E-04  0.11379918E-02 15.6019  2.0000
     1    1   27  0.27286455E-04  0.25298816E-04  0.42946658E-04 15.6873  2.0000
     1    1   28  0.13965509E-03  0.48081907E-03  0.12996010E-03 15.7206  2.0000
     1    1   29  0.31627558E-03  0.95240586E-04  0.75033788E-03 15.7391  2.0000
     1    1   30  0.57402783E-03  0.47039696E-04  0.51809140E-03 15.7528  2.0000
     1    1   31  0.13934659E-04  0.92944471E-03  0.14879627E-03 15.9086  2.0000
     1    1   32  0.59207787E-03  0.22825532E-03  0.33923101E-04 15.9856  2.0000
     1    1   33  0.67625486E-06  0.25907665E-03  0.49048304E-03 16.1250  2.0000
     1    1   34  0.69963365E-06  0.24921979E-03  0.25319878E-04 16.1516  2.0000
     1    1   35  0.61199005E-05  0.12251298E-03  0.25785236E-03 16.1551  2.0000
     1    1   36  0.88976408E-03  0.23028212E-03  0.14255567E-04 16.2423  2.0000
     1    1   37  0.42247139E-06  0.58036869E-03  0.60970694E-04 16.3337  2.0000
     1    1   38  0.16315540E-05  0.12441985E-04  0.13268844E-04 16.3724  2.0000
     1    1   39  0.70970981E-05  0.87347301E-05  0.24301697E-03 16.4398  2.0000
     1    1   40  0.23515026E-04  0.15365076E-04  0.27977481E-04 16.4495  2.0000
     1    1   41  0.14586135E-04  0.93223358E-05  0.73623591E-03 16.5024  2.0000
     1    1   42  0.36481868E-03  0.82084326E-04  0.38122210E-04 16.5275  2.0000
     1    1   43  0.85682331E-04  0.52749193E-03  0.44794967E-04 16.5607  2.0000
     1    1   44  0.75203297E-04  0.37476023E-04  0.60535163E-03 16.6946  2.0000
     1    1   45  0.99828317E-04  0.27650214E-03  0.20632309E-03 16.7200  2.0000
     1    1   46  0.16139489E-04  0.13696251E-03  0.63745386E-04 16.7477  2.0000
     1    1   47  0.53721966E-04  0.20000083E-03  0.91069175E-04 16.7718  2.0000
     1    1   48  0.59493030E-03  0.63228109E-04  0.25682975E-04 16.8063  2.0000
     1    1   49  0.60535283E-05  0.13120985E-03  0.34207075E-04 16.8997  2.0000
     1    1   50  0.12062305E-04  0.12974677E-03  0.13894050E-03 16.9351  2.0000
     1    1   51  0.11118891E-04  0.42623932E-04  0.16775672E-03 17.0194  2.0000
     1    1   52  0.49513989E-04  0.28427107E-03  0.17149702E-04 17.0502  2.0000
     1    1   53  0.35031465E-04  0.11145966E-03  0.25463496E-03 17.1136  2.0000
     1    1   54  0.61575101E-04  0.46516608E-04  0.66864826E-04 17.1352  2.0000
     1    1   55  0.24761896E-04  0.10403698E-04  0.20052320E-03 17.2589  2.0000
     1    1   56  0.61399832E-04  0.63900044E-04  0.28785798E-05 17.2869  2.0000
     1    1   57  0.27411773E-03  0.39826675E-04  0.15470463E-04 17.3253  2.0000
     1    1   58  0.25593978E-06  0.17886247E-04  0.18618607E-03 17.3282  2.0000
     1    1   59  0.10336403E-04  0.46628630E-03  0.83571537E-04 17.4989  2.0000
     1    1   60  0.22181261E-03  0.52128712E-05  0.83609037E-05 17.5155  2.0000
     1    2   17  0.16479760E-03  0.36477983E-02  0.10770841E-02 12.9160  2.0000
     1    2   18  0.10172163E-04  0.22339102E-03  0.23036744E-03 12.9535  2.0000
     1    2   19  0.25752526E-04  0.14308871E-02  0.23755698E-03 13.0629  2.0000
     1    2   20  0.20774228E-02  0.10244360E-04  0.34215166E-05 13.0661  2.0000
     1    2   21  0.30083497E-03  0.36131713E-04  0.64694205E-04 13.0700  2.0000
     1    2   22  0.48639082E-02  0.98697302E-03  0.14044828E-02 13.3479  2.0000
     1    2   23  0.13651502E-03  0.81380111E-03  0.20878572E-02 13.3481  2.0000
     1    2   24  0.34369851E-04  0.40493081E-03  0.77080144E-04 14.0797  2.0000
     1    2   25  0.66335618E-03  0.24919908E-03  0.13050087E-03 14.0950  2.0000
     1    2   26  0.83846183E-04  0.11567427E-03  0.13460589E-02 14.1153  2.0000
     1    2   27  0.63555078E-05  0.72492974E-04  0.27125204E-04 14.2006  2.0000
     1    2   28  0.67052750E-03  0.31066044E-02  0.13208450E-02 14.2339  2.0000
     1    2   29  0.23350661E-04  0.19674939E-02  0.53839301E-02 14.2524  2.0000
     1    2   30  0.38766750E-04  0.68683313E-03  0.54299678E-03 14.2661  2.0000
     1    2   31  0.17685972E-05  0.29960568E-04  0.12951209E-04 14.4219  2.0000
     1    2   32  0.51049311E-04  0.36024852E-03  0.10115159E-03 14.4989  2.0000
     1    2   33  0.65238436E-04  0.27591436E-04  0.25849792E-03 14.6383  2.0000
     1    2   34  0.17924895E-04  0.42396674E-03  0.83435383E-04 14.6649  2.0000
     1    2   35  0.58196623E-05  0.12878504E-03  0.83262200E-05 14.6685  2.0000
     1    2   36  0.25284125E-04  0.26572857E-03  0.15906005E-04 14.7556  2.0000
     1    2   37  0.37375501E-04  0.12665399E-03  0.26898598E-04 14.8471  2.0000
     1    2   38  0.20051101E-03  0.13210411E-03  0.27508239E-03 14.8858  2.0000
     1    2   39  0.23383607E-03  0.44252268E-03  0.51048680E-04 14.9531  2.0000
     1    2   40  0.94304562E-04  0.29905792E-03  0.12802615E-04 14.9629  2.0000
     1    2   41  0.52132230E-04  0.12476415E-03  0.16498141E-04 15.0157  2.0000
     1    2   42  0.81457545E-04  0.32933599E-03  0.11996851E-03 15.0408  2.0000
     1    2   43  0.40334220E-04  0.15945029E-03  0.43622883E-05 15.0740  2.0000
     1    2   44  0.26325146E-04  0.90658190E-04  0.79959798E-04 15.2079  2.0000
     1    2   45  0.52997696E-03  0.30325323E-04  0.88855048E-04 15.2333  2.0000
     1    2   46  0.12801472E-03  0.37698389E-03  0.38939208E-03 15.2610  2.0000
     1    2   47  0.46221482E-04  0.24320961E-04  0.22971764E-03 15.2851  2.0000
     1    2   48  0.19748099E-04  0.11987739E-02  0.17001723E-04 15.3197  2.0000
     1    2   49  0.15288083E-03  0.21602964E-03  0.58099031E-03 15.4130  2.0000
     1    2   50  0.66736827E-03  0.64118736E-03  0.11857169E-02 15.4484  2.0000
     1    2   51  0.81175581E-04  0.17571740E-04  0.47325634E-04 15.5328  2.0000
     1    2   52  0.17627516E-03  0.36528014E-04  0.66956665E-04 15.5635  2.0000
     1    2   53  0.47748895E-04  0.38820354E-03  0.57477113E-03 15.6269  2.0000
     1    2   54  0.44024420E-05  0.98671888E-04  0.24053072E-03 15.6485  2.0000
     1    2   55  0.37130675E-05  0.70908368E-04  0.50603962E-03 15.7722  2.0000
     1    2   56  0.59411251E-05  0.61736270E-03  0.14133418E-03 15.8002  2.0000
     1    2   57  0.63536374E-04  0.18393311E-03  0.16346222E-04 15.8386  2.0000
     1    2   58  0.15198280E-04  0.14892428E-03  0.34267842E-03 15.8415  2.0000
     1    2   59  0.83406129E-04  0.30730098E-03  0.41644942E-05 16.0122  2.0000
     1    2   60  0.25233680E-04  0.14622094E-03  0.35353742E-04 16.0288  2.0000
     1    3   17  0.44895554E-02  0.41889908E-04  0.10098447E-02 12.9150  2.0000
     1    3   18  0.17764978E-03  0.14417838E-06  0.24374748E-03 12.9524  2.0000
     1    3   19  0.22821551E-04  0.11845762E-03  0.51197326E-06 13.0618  2.0000
     1    3   20  0.92847535E-05  0.18482272E-02  0.20225857E-04 13.0650  2.0000
     1    3   21  0.29100049E-03  0.11060833E-03  0.11488220E-02 13.0690  2.0000
     1    3   22  0.25725743E-03  0.10282132E-02  0.71089153E-03 13.3468  2.0000
     1    3   23  0.68379640E-03  0.15062178E-02  0.36149933E-02 13.3470  2.0000
     1    3   24  0.64589803E-03  0.27205277E-04  0.17612362E-03 14.0787  2.0000
     1    3   25  0.21073864E-04  0.24685219E-03  0.21928295E-03 14.0939  2.0000
     1    3   26  0.11347706E-03  0.28512542E-03  0.15841208E-03 14.1142  2.0000
     1    3   27  0.86055594E-04  0.71514665E-05  0.14893502E-04 14.1996  2.0000
     1    3   28  0.12298660E-03  0.15054706E-02  0.74273235E-03 14.2329  2.0000
     1    3   29  0.86747105E-03  0.89449541E-03  0.28925495E-03 14.2513  2.0000
     1    3   30  0.49276506E-03  0.15515248E-02  0.12681348E-02 14.2651  2.0000
     1    3   31  0.13670750E-04  0.18702714E-03  0.17116153E-04 14.4208  2.0000
     1    3   32  0.90567746E-03  0.28170860E-04  0.39870504E-05 14.4978  2.0000
     1    3   33  0.98303075E-05  0.41740301E-03  0.10702605E-02 14.6372  2.0000
     1    3   34  0.93977269E-04  0.81920411E-03  0.15366219E-03 14.6639  2.0000
     1    3   35  0.97454506E-04  0.79251512E-04  0.13447256E-04 14.6674  2.0000
     1    3   36  0.62484321E-03  0.57227500E-04  0.29826320E-04 14.7546  2.0000
     1    3   37  0.26975720E-06  0.47250569E-04  0.16382116E-04 14.8460  2.0000
     1    3   38  0.12169063E-03  0.51006819E-04  0.31326185E-03 14.8847  2.0000
     1    3   39  0.48710317E-04  0.53825194E-04  0.23087837E-04 14.9521  2.0000
     1    3   40  0.42565549E-04  0.50259314E-05  0.35692946E-04 14.9618  2.0000
     1    3   41  0.48907716E-04  0.29125592E-04  0.21307270E-03 15.0146  2.0000
     1    3   42  0.27737601E-03  0.18754292E-03  0.15046895E-03 15.0397  2.0000
     1    3   43  0.11251220E-03  0.61074439E-04  0.83968981E-05 15.0730  2.0000
     1    3   44  0.39629641E-03  0.37645093E-04  0.25686445E-03 15.2068  2.0000
     1    3   45  0.46194766E-04  0.16845023E-03  0.27773973E-03 15.2323  2.0000
     1    3   46  0.23655927E-05  0.50264217E-03  0.63412957E-03 15.2600  2.0000
     1    3   47  0.80319086E-04  0.13753519E-03  0.70485273E-04 15.2841  2.0000
     1    3   48  0.25634230E-03  0.31477942E-03  0.55039721E-05 15.3186  2.0000
     1    3   49  0.66050443E-04  0.62880010E-03  0.12735785E-03 15.4119  2.0000
     1    3   50  0.75050614E-04  0.59025901E-03  0.13353564E-03 15.4474  2.0000
     1    3   51  0.72689228E-05  0.10596820E-03  0.20363452E-03 15.5317  2.0000
     1    3   52  0.28504333E-04  0.36084864E-04  0.10922206E-04 15.5625  2.0000
     1    3   53  0.54113233E-04  0.67071895E-04  0.14680422E-03 15.6259  2.0000
     1    3   54  0.58726383E-04  0.91230831E-04  0.12537644E-03 15.6475  2.0000
     1    3   55  0.22935173E-04  0.76814663E-04  0.54992591E-03 15.7712  2.0000
     1    3   56  0.14005579E-03  0.11328951E-03  0.56063704E-05 15.7991  2.0000
     1    3   57  0.11874802E-03  0.57017426E-04  0.34494238E-04 15.8376  2.0000
     1    3   58  0.13481350E-04  0.32747382E-03  0.12940320E-03 15.8405  2.0000
     1    3   59  0.17921439E-04  0.24214011E-03  0.47862657E-04 16.0111  2.0000
     1    3   60  0.61101204E-04  0.11145631E-03  0.35900381E-05 16.0277  2.0000
     1    4   17  0.56111679E-03  0.10948461E-02  0.36631477E-02 12.9136  2.0000
     1    4   18  0.38954328E-04  0.48728946E-04  0.62692063E-03 12.9511  2.0000
     1    4   19  0.11714998E-03  0.33505812E-03  0.11766209E-02 13.0605  2.0000
     1    4   20  0.29822355E-03  0.33457801E-03  0.12180130E-04 13.0637  2.0000
     1    4   21  0.18632743E-02  0.76338740E-05  0.32694231E-04 13.0677  2.0000
     1    4   22  0.26159193E-04  0.21006231E-02  0.22598003E-02 13.3455  2.0000
     1    4   23  0.44522409E-02  0.13523559E-03  0.65670283E-03 13.3457  2.0000
     1    4   24  0.18297085E-03  0.84206173E-04  0.25561766E-03 14.0774  2.0000
     1    4   25  0.11701249E-03  0.41547221E-04  0.89870733E-03 14.0926  2.0000
     1    4   26  0.75640319E-03  0.75255072E-03  0.19657438E-03 14.1129  2.0000
     1    4   27  0.74615318E-05  0.14759165E-04  0.96131510E-04 14.1983  2.0000
     1    4   28  0.32995741E-04  0.24840267E-02  0.23970209E-02 14.2316  2.0000
     1    4   29  0.16805258E-03  0.28772103E-02  0.38544515E-03 14.2500  2.0000
     1    4   30  0.77264725E-03  0.21258142E-02  0.14424091E-02 14.2638  2.0000
     1    4   31  0.36018046E-06  0.36935742E-04  0.48476466E-04 14.4195  2.0000
     1    4   32  0.94117602E-04  0.14037271E-03  0.75736527E-03 14.4965  2.0000
     1    4   33  0.62393505E-04  0.96494337E-04  0.28227727E-03 14.6359  2.0000
     1    4   34  0.13835949E-03  0.16791764E-03  0.70725536E-03 14.6626  2.0000
     1    4   35  0.39461888E-04  0.27202139E-04  0.26891993E-05 14.6661  2.0000
     1    4   36  0.11818983E-03  0.11291066E-03  0.23741128E-03 14.7533  2.0000
     1    4   37  0.15586601E-05  0.23893412E-05  0.35386567E-04 14.8447  2.0000
     1    4   38  0.83735741E-04  0.63584216E-04  0.17838976E-04 14.8834  2.0000
     1    4   39  0.26308713E-03  0.91572402E-04  0.44071683E-04 14.9507  2.0000
     1    4   40  0.85127962E-04  0.48645285E-04  0.58484999E-04 14.9605  2.0000
     1    4   41  0.23293800E-04  0.15908345E-03  0.77700041E-04 15.0133  2.0000
     1    4   42  0.10099572E-05  0.44132799E-04  0.35744031E-03 15.0384  2.0000
     1    4   43  0.92241310E-04  0.47017208E-04  0.41087838E-04 15.0716  2.0000
     1    4   44  0.20315545E-03  0.54469738E-03  0.80340034E-04 15.2055  2.0000
     1    4   45  0.54355518E-04  0.10656703E-03  0.54504666E-03 15.2310  2.0000
     1    4   46  0.10922210E-03  0.20668234E-03  0.58243576E-03 15.2587  2.0000
     1    4   47  0.91410530E-06  0.13713371E-02  0.32961567E-03 15.2828  2.0000
     1    4   48  0.19994938E-03  0.66261299E-05  0.15961003E-03 15.3173  2.0000
     1    4   49  0.91790262E-03  0.13582887E-03  0.10089405E-03 15.4106  2.0000
     1    4   50  0.35970001E-04  0.17576012E-03  0.33041543E-05 15.4460  2.0000
     1    4   51  0.84063388E-04  0.12294240E-03  0.56507499E-05 15.5304  2.0000
     1    4   52  0.31769561E-05  0.22771286E-04  0.43022936E-04 15.5612  2.0000
     1    4   53  0.13469915E-04  0.29789131E-04  0.42182469E-04 15.6246  2.0000
     1    4   54  0.60928471E-04  0.91406763E-04  0.94246888E-04 15.6462  2.0000
     1    4   55  0.19039596E-03  0.38506206E-03  0.19130627E-03 15.7699  2.0000
     1    4   56  0.12423174E-03  0.22190743E-03  0.10349877E-03 15.7978  2.0000
     1    4   57  0.15551366E-04  0.71054547E-04  0.19634415E-03 15.8362  2.0000
     1    4   58  0.34446958E-04  0.57551270E-03  0.31387623E-03 15.8392  2.0000
     1    4   59  0.89689282E-05  0.90149617E-05  0.19790590E-03 16.0098  2.0000
     1    4   60  0.67368275E-05  0.33897480E-04  0.20137417E-03 16.0264  2.0000
     1    5   17  0.45551258E-03  0.18584632E-04  0.10213745E-04 10.4458  2.0000
     1    5   18  0.10192004E-02  0.76444719E-05  0.50090012E-04 10.4833  2.0000
     1    5   19  0.37680744E-02  0.54189605E-03  0.15647159E-03 10.5926  2.0000
     1    5   20  0.79306657E-04  0.12554242E-02  0.65619771E-04 10.5959  2.0000
     1    5   21  0.17989797E-04  0.18836997E-05  0.28147449E-02 10.5998  2.0000
     1    5   22  0.25267540E-05  0.41950710E-02  0.52851054E-03 10.8777  2.0000
     1    5   23  0.27318403E-04  0.29123298E-02  0.21345872E-02 10.8778  2.0000
     1    5   24  0.16027837E-03  0.76041621E-04  0.80728895E-05 11.6095  2.0000
     1    5   25  0.31556814E-04  0.24710595E-03  0.19924372E-04 11.6247  2.0000
     1    5   26  0.71547801E-05  0.68081730E-05  0.12965547E-02 11.6450  2.0000
     1    5   27  0.16600879E-04  0.67160470E-05  0.19367097E-04 11.7304  2.0000
     1    5   28  0.77737256E-04  0.63524229E-03  0.35277135E-04 11.7637  2.0000
     1    5   29  0.16742492E-03  0.29625483E-04  0.57994114E-03 11.7822  2.0000
     1    5   30  0.56595187E-03  0.12752443E-03  0.17077352E-03 11.7959  2.0000
     1    5   31  0.15042967E-04  0.19807738E-02  0.23814245E-04 11.9516  2.0000
     1    5   32  0.23588678E-03  0.37322756E-04  0.87654683E-04 12.0287  2.0000
     1    5   33  0.76075712E-05  0.42161356E-03  0.78919271E-03 12.1680  2.0000
     1    5   34  0.11849082E-05  0.87799489E-03  0.17597518E-03 12.1947  2.0000
     1    5   35  0.60287728E-04  0.63598452E-03  0.16633717E-02 12.1982  2.0000
     1    5   36  0.38981605E-03  0.28981242E-05  0.19439009E-03 12.2854  2.0000
     1    5   37  0.45238205E-06  0.27647665E-03  0.50206602E-04 12.3768  2.0000
     1    5   38  0.12370232E-05  0.99411848E-05  0.81479477E-07 12.4155  2.0000
     1    5   39  0.16005576E-05  0.18630854E-03  0.11670789E-04 12.4829  2.0000
     1    5   40  0.30561887E-04  0.76380224E-04  0.88392424E-05 12.4926  2.0000
     1    5   41  0.36184389E-05  0.68667345E-04  0.17605080E-03 12.5455  2.0000
     1    5   42  0.19789831E-03  0.10065087E-03  0.21880494E-04 12.5706  2.0000
     1    5   43  0.46311474E-04  0.52640013E-04  0.25308309E-05 12.6038  2.0000
     1    5   44  0.78560034E-04  0.28970074E-04  0.10583380E-02 12.7377  2.0000
     1    5   45  0.99951677E-04  0.27199071E-03  0.27857857E-03 12.7631  2.0000
     1    5   46  0.10841501E-04  0.29411950E-03  0.27327738E-03 12.7908  2.0000
     1    5   47  0.84533691E-04  0.50437077E-03  0.98917710E-04 12.8149  2.0000
     1    5   48  0.75770972E-03  0.62961319E-03  0.13139687E-05 12.8494  2.0000
     1    5   49  0.20849563E-04  0.25683903E-03  0.13753109E-03 12.9428  2.0000
     1    5   50  0.23099264E-04  0.17607643E-03  0.12392329E-03 12.9782  2.0000
     1    5   51  0.93254354E-06  0.32256658E-04  0.31257284E-04 13.0625  2.0000
     1    5   52  0.16293163E-04  0.25158338E-03  0.69132702E-04 13.0933  2.0000
     1    5   53  0.10832701E-04  0.59281740E-05  0.25323774E-03 13.1567  2.0000
     1    5   54  0.52227246E-05  0.92776216E-04  0.57756332E-04 13.1783  2.0000
     1    5   55  0.21942715E-04  0.13102825E-03  0.24068397E-04 13.3020  2.0000
     1    5   56  0.14323820E-03  0.17102466E-03  0.11585300E-04 13.3300  2.0000
     1    5   57  0.56305238E-03  0.22727256E-03  0.11016388E-04 13.3684  2.0000
     1    5   58  0.91670629E-05  0.89303142E-04  0.52104580E-03 13.3713  2.0000
     1    5   59  0.12452188E-04  0.16239058E-02  0.19411258E-03 13.5419  2.0000
     1    5   60  0.18947636E-03  0.23884065E-04  0.46122481E-07 13.5586  2.0000
     1    6   17  0.28677595E-03  0.50141692E-02  0.54792359E-03  7.6468  2.0000
     1    6   18  0.50884098E-03  0.97876906E-02  0.10643361E-02  7.6843  2.0000
     1    6   19  0.55464798E-04  0.28836901E-03  0.17309240E-03  7.7936  2.0000
     1    6   20  0.11357574E-02  0.27501752E-03  0.41418221E-04  7.7969  2.0000
     1    6   21  0.29652753E-04  0.35320935E-04  0.39916640E-03  7.8008  2.0000
     1    6   22  0.26805412E-02  0.62783743E-03  0.11582551E-02  8.0787  2.0000
     1    6   23  0.34251959E-03  0.28906666E-03  0.14269394E-02  8.0788  2.0000
     1    6   24  0.29084817E-03  0.35527931E-02  0.13492207E-03  8.8105  2.0000
     1    6   25  0.53430071E-03  0.25729831E-03  0.37915465E-04  8.8257  2.0000
     1    6   26  0.38957776E-04  0.29957879E-04  0.23242224E-03  8.8460  2.0000
     1    6   27  0.10578604E-04  0.42858775E-03  0.59978023E-04  8.9314  2.0000
     1    6   28  0.42330014E-02  0.44627343E-02  0.40527168E-03  8.9647  2.0000
     1    6   29  0.11476801E-03  0.56406549E-03  0.29295124E-02  8.9832  2.0000
     1    6   30  0.79598434E-04  0.78734539E-02  0.21730871E-02  8.9969  2.0000
     1    6   31  0.46520027E-03  0.24106393E-03  0.21883475E-04  9.1526  2.0000
     1    6   32  0.72773111E-05  0.11182323E-03  0.49894437E-04  9.2297  2.0000
     1    6   33  0.25001210E-03  0.12109018E-03  0.40377616E-03  9.3690  2.0000
     1    6   34  0.19030500E-03  0.32853727E-04  0.15669671E-03  9.3957  2.0000
     1    6   35  0.25793534E-04  0.99775270E-05  0.18384544E-03  9.3992  2.0000
     1    6   36  0.58368611E-04  0.23335620E-02  0.15095156E-03  9.4864  2.0000
     1    6   37  0.15674173E-03  0.78554048E-03  0.11239625E-03  9.5778  2.0000
     1    6   38  0.25490269E-03  0.64815759E-04  0.58693962E-03  9.6165  2.0000
     1    6   39  0.45371416E-03  0.21560327E-03  0.31502537E-05  9.6839  2.0000
     1    6   40  0.73095415E-04  0.58731827E-03  0.59219868E-04  9.6936  2.0000
     1    6   41  0.65266603E-04  0.34657426E-05  0.40820943E-03  9.7465  2.0000
     1    6   42  0.19392253E-04  0.27555880E-03  0.33618705E-04  9.7715  2.0000
     1    6   43  0.20007657E-03  0.20807252E-03  0.16426404E-04  9.8048  2.0000
     1    6   44  0.96624780E-04  0.19053606E-03  0.21377569E-03  9.9387  2.0000
     1    6   45  0.27017999E-03  0.14875780E-04  0.49279756E-04  9.9641  2.0000
     1    6   46  0.32291550E-03  0.70979663E-03  0.29557574E-03  9.9918  2.0000
     1    6   47  0.69999866E-03  0.11391956E-02  0.35268695E-03 10.0159  2.0000
     1    6   48  0.12253848E-04  0.22153009E-02  0.22942246E-04 10.0504  2.0000
     1    6   49  0.90849762E-04  0.14889058E-03  0.58415917E-04 10.1438  2.0000
     1    6   50  0.67544249E-04  0.11435814E-03  0.18116901E-03 10.1792  2.0000
     1    6   51  0.34712893E-04  0.10277516E-04  0.51737852E-03 10.2635  2.0000
     1    6   52  0.17541599E-03  0.28686604E-03  0.39061970E-05 10.2943  2.0000
     1    6   53  0.78104374E-04  0.27063079E-03  0.75892544E-04 10.3577  2.0000
     1    6   54  0.74044935E-05  0.61884478E-04  0.18641721E-04 10.3793  2.0000
     1    6   55  0.28716637E-04  0.33943758E-04  0.10229313E-03 10.5030  2.0000
     1    6   56  0.25663353E-03  0.59423425E-03  0.12687927E-04 10.5309  2.0000
     1    6   57  0.53334186E-04  0.38013510E-03  0.34120939E-08 10.5694  2.0000
     1    6   58  0.43253409E-05  0.26960387E-03  0.49817004E-03 10.5723  2.0000
     1    6   59  0.26882707E-02  0.29387302E-03  0.68603840E-04 10.7429  2.0000
     1    6   60  0.28208188E-03  0.81399702E-04  0.90690291E-05 10.7595  2.0000
     1    7   17  0.49978056E-02  0.70419057E-04  0.10666444E-02  7.6451  2.0000
     1    7   18  0.91432106E-02  0.67286120E-04  0.20207070E-02  7.6826  2.0000
     1    7   19  0.20368619E-03  0.92795867E-06  0.11161077E-03  7.7919  2.0000
     1    7   20  0.44310378E-04  0.10299698E-02  0.16098208E-03  7.7952  2.0000
     1    7   21  0.18941696E-03  0.14603230E-04  0.82440829E-03  7.7991  2.0000
     1    7   22  0.27906165E-03  0.13050064E-02  0.34197779E-03  8.0769  2.0000
     1    7   23  0.58306028E-03  0.19310297E-02  0.19161687E-02  8.0771  2.0000
     1    7   24  0.25767403E-02  0.30706771E-03  0.20786187E-03  8.8088  2.0000
     1    7   25  0.71231881E-03  0.22027906E-02  0.40302611E-03  8.8240  2.0000
     1    7   26  0.33328453E-03  0.16838307E-03  0.19181140E-02  8.8443  2.0000
     1    7   27  0.36419075E-03  0.99022843E-05  0.13706864E-03  8.9297  2.0000
     1    7   28  0.75191888E-03  0.18473320E-02  0.32015102E-02  8.9630  2.0000
     1    7   29  0.65252963E-02  0.13065437E-02  0.14870546E-02  8.9815  2.0000
     1    7   30  0.50396461E-02  0.21875258E-04  0.19176641E-02  8.9952  2.0000
     1    7   31  0.19286619E-03  0.32240641E-03  0.25421089E-04  9.1509  2.0000
     1    7   32  0.60858767E-03  0.42231696E-04  0.11574737E-03  9.2280  2.0000
     1    7   33  0.12468930E-03  0.37731051E-03  0.98188541E-03  9.3673  2.0000
     1    7   34  0.22690281E-03  0.34887351E-03  0.88174623E-04  9.3940  2.0000
     1    7   35  0.88185247E-04  0.17816229E-03  0.97826168E-04  9.3975  2.0000
     1    7   36  0.15694550E-02  0.18987908E-04  0.13561067E-03  9.4847  2.0000
     1    7   37  0.11528140E-04  0.88363586E-03  0.36729420E-03  9.5761  2.0000
     1    7   38  0.53548079E-04  0.14180315E-03  0.24520275E-03  9.6148  2.0000
     1    7   39  0.37065499E-03  0.19865828E-03  0.17305632E-03  9.6822  2.0000
     1    7   40  0.10652959E-03  0.87968306E-04  0.39760175E-03  9.6919  2.0000
     1    7   41  0.10117501E-03  0.65215216E-04  0.56941261E-03  9.7448  2.0000
     1    7   42  0.84567545E-04  0.13057792E-04  0.13435848E-03  9.7698  2.0000
     1    7   43  0.30015760E-05  0.25504491E-03  0.47809058E-04  9.8031  2.0000
     1    7   44  0.71809016E-03  0.44179687E-03  0.19279537E-03  9.9370  2.0000
     1    7   45  0.12003346E-04  0.29607458E-03  0.34076144E-03  9.9624  2.0000
     1    7   46  0.18753941E-04  0.18313683E-03  0.17818957E-03  9.9901  2.0000
     1    7   47  0.73445204E-04  0.48837816E-03  0.12729749E-02 10.0142  2.0000
     1    7   48  0.11333712E-02  0.22750723E-03  0.10946926E-03 10.0487  2.0000
     1    7   49  0.11325020E-05  0.57471930E-04  0.16742801E-03 10.1421  2.0000
     1    7   50  0.15154447E-03  0.30775364E-03  0.13625535E-03 10.1775  2.0000
     1    7   51  0.61646188E-04  0.13072083E-03  0.10318269E-03 10.2618  2.0000
     1    7   52  0.14872105E-03  0.16402553E-03  0.62569207E-04 10.2926  2.0000
     1    7   53  0.79193291E-04  0.58495099E-04  0.93011845E-03 10.3560  2.0000
     1    7   54  0.63912735E-04  0.23603594E-04  0.24362096E-03 10.3776  2.0000
     1    7   55  0.58370017E-04  0.29210166E-04  0.32694433E-03 10.5013  2.0000
     1    7   56  0.43527566E-03  0.81485286E-04  0.27326815E-04 10.5292  2.0000
     1    7   57  0.10151308E-02  0.45163134E-04  0.55778708E-05 10.5677  2.0000
     1    7   58  0.52076673E-05  0.37469206E-04  0.65965931E-03 10.5706  2.0000
     1    7   59  0.20896096E-03  0.10367066E-03  0.12325038E-03 10.7412  2.0000
     1    7   60  0.10574610E-02  0.29583721E-04  0.16353175E-04 10.7578  2.0000
     1    8   17  0.83930373E-03  0.78740408E-03  0.42524867E-02  7.6439  2.0000
     1    8   18  0.15108810E-02  0.15224856E-02  0.83423177E-02  7.6814  2.0000
     1    8   19  0.30710612E-05  0.53517823E-04  0.17226027E-02  7.7908  2.0000
     1    8   20  0.98320785E-04  0.10633623E-03  0.23878011E-03  7.7940  2.0000
     1    8   21  0.11551158E-02  0.40601555E-03  0.28806454E-04  7.7980  2.0000
     1    8   22  0.10766606E-03  0.17675147E-02  0.15272857E-02  8.0758  2.0000
     1    8   23  0.26800323E-02  0.54564124E-03  0.26046113E-04  8.0760  2.0000
     1    8   24  0.45918419E-03  0.15647752E-03  0.11246304E-02  8.8077  2.0000
     1    8   25  0.19554952E-03  0.70488727E-03  0.11447765E-02  8.8229  2.0000
     1    8   26  0.24016475E-03  0.48312814E-03  0.77334983E-03  8.8432  2.0000
     1    8   27  0.62160644E-04  0.95124514E-04  0.60300293E-03  8.9286  2.0000
     1    8   28  0.17969055E-03  0.73916886E-04  0.58294046E-02  8.9618  2.0000
     1    8   29  0.16656356E-03  0.59697711E-02  0.32824451E-02  8.9803  2.0000
     1    8   30  0.54826694E-02  0.10646033E-02  0.45037462E-03  8.9941  2.0000
     1    8   31  0.78865771E-04  0.43573815E-04  0.38606998E-05  9.1498  2.0000
     1    8   32  0.23988480E-03  0.35185601E-05  0.23885399E-03  9.2268  2.0000
     1    8   33  0.11198769E-03  0.44221405E-04  0.21382978E-04  9.3662  2.0000
     1    8   34  0.12604068E-03  0.45977180E-03  0.67940266E-03  9.3928  2.0000
     1    8   35  0.24675972E-03  0.23887555E-04  0.15435047E-04  9.3964  2.0000
     1    8   36  0.38193351E-03  0.29504458E-03  0.12422644E-02  9.4836  2.0000
     1    8   37  0.18509771E-04  0.21739890E-03  0.82992841E-03  9.5750  2.0000
     1    8   38  0.35562953E-03  0.55684172E-04  0.26796432E-04  9.6137  2.0000
     1    8   39  0.11127030E-03  0.14606748E-03  0.32122985E-03  9.6810  2.0000
     1    8   40  0.20846938E-03  0.81472234E-05  0.45794108E-03  9.6908  2.0000
     1    8   41  0.44435607E-03  0.24069235E-04  0.57020917E-03  9.7436  2.0000
     1    8   42  0.21480804E-04  0.34863377E-04  0.32703743E-03  9.7687  2.0000
     1    8   43  0.15297418E-03  0.14307278E-03  0.41158786E-03  9.8019  2.0000
     1    8   44  0.71669346E-03  0.12665995E-02  0.56550494E-03  9.9358  2.0000
     1    8   45  0.26272806E-03  0.55479575E-03  0.14250788E-03  9.9612  2.0000
     1    8   46  0.45007170E-04  0.23900971E-04  0.14306754E-02  9.9889  2.0000
     1    8   47  0.48622784E-05  0.52214331E-04  0.73111560E-03 10.0131  2.0000
     1    8   48  0.60983324E-03  0.49839620E-04  0.40770908E-03 10.0476  2.0000
     1    8   49  0.88870893E-04  0.20116638E-03  0.67676215E-04 10.1409  2.0000
     1    8   50  0.16960084E-04  0.50436528E-04  0.13839838E-03 10.1763  2.0000
     1    8   51  0.12204304E-03  0.41284056E-03  0.31349034E-04 10.2607  2.0000
     1    8   52  0.32248082E-04  0.70286505E-04  0.21113162E-03 10.2914  2.0000
     1    8   53  0.62412133E-04  0.40279861E-03  0.52285441E-03 10.3549  2.0000
     1    8   54  0.22278071E-03  0.34053443E-04  0.24786118E-03 10.3764  2.0000
     1    8   55  0.54116387E-04  0.30993963E-03  0.18291130E-03 10.5002  2.0000
     1    8   56  0.30075017E-04  0.77040677E-04  0.12935828E-03 10.5281  2.0000
     1    8   57  0.24418282E-03  0.21438432E-04  0.14266717E-04 10.5665  2.0000
     1    8   58  0.20831392E-03  0.63114257E-03  0.43935427E-03 10.5695  2.0000
     1    8   59  0.12911729E-03  0.38599804E-04  0.19449652E-03 10.7401  2.0000
     1    8   60  0.14299991E-03  0.10281852E-03  0.63070402E-04 10.7567  2.0000
     1    9   17  0.78424271E-06  0.16377227E-02  0.47975385E-05  7.3343  2.0000
     1    9   18  0.41509286E-06  0.20896724E-04  0.58509592E-06  7.3718  2.0000
     1    9   19  0.27783415E-04  0.15410460E-02  0.38397713E-04  7.4811  2.0000
     1    9   20  0.13471043E-02  0.35817547E-03  0.83138927E-04  7.4844  2.0000
     1    9   21  0.32455221E-05  0.40944203E-04  0.56333820E-03  7.4883  2.0000
     1    9   22  0.58547523E-03  0.17175295E-02  0.60460596E-03  7.7662  2.0000
     1    9   23  0.82904654E-04  0.26011544E-03  0.88966085E-03  7.7663  2.0000
     1    9   24  0.29526993E-03  0.22376325E-02  0.60030812E-04  8.4980  2.0000
     1    9   25  0.28785656E-02  0.21540238E-02  0.35213809E-04  8.5132  2.0000
     1    9   26  0.51522887E-04  0.40137351E-05  0.13469540E-02  8.5335  2.0000
     1    9   27  0.86054657E-05  0.25156993E-03  0.15725579E-05  8.6189  2.0000
     1    9   28  0.10107485E-01  0.11848055E-01  0.12733068E-03  8.6522  2.0000
     1    9   29  0.13975276E-04  0.20944030E-02  0.56623170E-02  8.6707  2.0000
     1    9   30  0.10298533E-02  0.39496394E-02  0.62258115E-03  8.6844  2.0000
     1    9   31  0.32846205E-03  0.37065658E-03  0.21030017E-04  8.8401  2.0000
     1    9   32  0.18592836E-04  0.86447279E-04  0.25490903E-04  8.9172  2.0000
     1    9   33  0.16119440E-03  0.20428129E-03  0.57389982E-03  9.0565  2.0000
     1    9   34  0.15195905E-03  0.24279235E-03  0.13251624E-03  9.0832  2.0000
     1    9   35  0.12861044E-03  0.75630155E-04  0.39496587E-03  9.0867  2.0000
     1    9   36  0.55965206E-05  0.81390913E-03  0.15916327E-03  9.1739  2.0000
     1    9   37  0.21378393E-03  0.63555604E-03  0.11057603E-04  9.2653  2.0000
     1    9   38  0.36908486E-03  0.11420332E-03  0.67745357E-05  9.3040  2.0000
     1    9   39  0.14275787E-02  0.71072277E-03  0.69016646E-03  9.3714  2.0000
     1    9   40  0.38701385E-03  0.61832482E-03  0.31093253E-03  9.3811  2.0000
     1    9   41  0.13124435E-03  0.23147287E-03  0.16090530E-02  9.4340  2.0000
     1    9   42  0.58308348E-03  0.92772643E-03  0.83694805E-05  9.4591  2.0000
     1    9   43  0.95340625E-03  0.19898783E-03  0.18797805E-04  9.4923  2.0000
     1    9   44  0.28558501E-04  0.47615201E-03  0.12963710E-02  9.6262  2.0000
     1    9   45  0.21246246E-02  0.61801960E-03  0.22234027E-03  9.6516  2.0000
     1    9   46  0.96945952E-04  0.59593835E-03  0.45193484E-02  9.6793  2.0000
     1    9   47  0.67146225E-03  0.32677776E-03  0.17330512E-02  9.7034  2.0000
     1    9   48  0.17431964E-03  0.67040993E-04  0.20087309E-03  9.7379  2.0000
     1    9   49  0.28438088E-02  0.10533046E-02  0.65807067E-05  9.8313  2.0000
     1    9   50  0.26687497E-02  0.67296891E-03  0.13549033E-03  9.8667  2.0000
     1    9   51  0.18085693E-03  0.19613420E-04  0.55978180E-03  9.9510  2.0000
     1    9   52  0.38044365E-03  0.20437004E-03  0.14168248E-04  9.9818  2.0000
     1    9   53  0.24494815E-03  0.68809997E-04  0.28008373E-04 10.0452  2.0000
     1    9   54  0.65682954E-04  0.25665206E-03  0.33983114E-04 10.0668  2.0000
     1    9   55  0.41208260E-05  0.37808066E-04  0.51777602E-02 10.1905  2.0000
     1    9   56  0.33697204E-03  0.11940829E-03  0.23463870E-06 10.2185  2.0000
     1    9   57  0.25947796E-03  0.99894727E-03  0.18775146E-03 10.2569  2.0000
     1    9   58  0.24699169E-05  0.63517293E-07  0.33076487E-03 10.2598  2.0000
     1    9   59  0.19558874E-02  0.41867971E-03  0.11109593E-03 10.4305  2.0000
     1    9   60  0.22438438E-03  0.17032237E-02  0.20409253E-04 10.4471  2.0000
     1   10   17  0.52639276E-05  0.49300087E-04  0.77120690E-03  7.3334  2.0000
     1   10   18  0.30937128E-06  0.11493307E-05  0.25400084E-05  7.3709  2.0000
     1   10   19  0.18868604E-04  0.16755622E-04  0.15513703E-02  7.4803  2.0000
     1   10   20  0.71562548E-06  0.27119592E-05  0.73417480E-03  7.4835  2.0000
     1   10   21  0.14270367E-02  0.81405930E-03  0.43995798E-04  7.4875  2.0000
     1   10   22  0.19262101E-03  0.76367682E-03  0.59388381E-03  7.7653  2.0000
     1   10   23  0.33660760E-03  0.25729903E-02  0.23601702E-03  7.7655  2.0000
     1   10   24  0.10462734E-04  0.25684148E-04  0.48966978E-02  8.4972  2.0000
     1   10   25  0.21157738E-05  0.65976688E-05  0.72180493E-03  8.5124  2.0000
     1   10   26  0.38783253E-02  0.17405145E-02  0.41153200E-04  8.5327  2.0000
     1   10   27  0.69456512E-06  0.64913165E-05  0.12564815E-03  8.6181  2.0000
     1   10   28  0.47911691E-04  0.11209415E-03  0.17352425E-02  8.6513  2.0000
     1   10   29  0.88451562E-02  0.35160668E-02  0.37146892E-02  8.6698  2.0000
     1   10   30  0.33505380E-02  0.17720015E-02  0.10602689E-01  8.6836  2.0000
     1   10   31  0.24256354E-04  0.19796612E-04  0.29465929E-03  8.8393  2.0000
     1   10   32  0.42698675E-04  0.30390895E-04  0.93987216E-04  8.9163  2.0000
     1   10   33  0.26095301E-04  0.84537308E-04  0.13765867E-03  9.0557  2.0000
     1   10   34  0.76813994E-04  0.39186622E-04  0.97900875E-03  9.0824  2.0000
     1   10   35  0.11391993E-02  0.55520621E-03  0.16320693E-03  9.0859  2.0000
     1   10   36  0.43276479E-04  0.57123360E-04  0.87610725E-03  9.1731  2.0000
     1   10   37  0.22443642E-04  0.30466484E-05  0.82044882E-03  9.2645  2.0000
     1   10   38  0.66452678E-03  0.41036790E-02  0.66693610E-04  9.3032  2.0000
     1   10   39  0.66048011E-04  0.40873097E-03  0.27086099E-03  9.3705  2.0000
     1   10   40  0.10775353E-04  0.15016802E-03  0.88437567E-04  9.3803  2.0000
     1   10   41  0.42725985E-04  0.37529070E-04  0.28979215E-04  9.4331  2.0000
     1   10   42  0.71276068E-04  0.11970213E-04  0.86509735E-03  9.4582  2.0000
     1   10   43  0.37529321E-04  0.54008225E-05  0.85356116E-04  9.4914  2.0000
     1   10   44  0.24854379E-02  0.78607086E-03  0.28593217E-04  9.6253  2.0000
     1   10   45  0.57837586E-03  0.21719214E-03  0.82177654E-04  9.6508  2.0000
     1   10   46  0.12067647E-02  0.23037786E-03  0.25069275E-03  9.6784  2.0000
     1   10   47  0.29392160E-03  0.55452246E-03  0.51438854E-03  9.7026  2.0000
     1   10   48  0.15705049E-03  0.77250366E-04  0.16600065E-03  9.7371  2.0000
     1   10   49  0.33670926E-02  0.17355136E-02  0.23345918E-02  9.8304  2.0000
     1   10   50  0.12316071E-02  0.21062808E-02  0.20994087E-02  9.8658  2.0000
     1   10   51  0.19312660E-02  0.10804359E-02  0.39008117E-03  9.9502  2.0000
     1   10   52  0.88054758E-04  0.19014458E-03  0.12753861E-02  9.9810  2.0000
     1   10   53  0.28251010E-03  0.19285833E-02  0.20377463E-03 10.0444  2.0000
     1   10   54  0.24865945E-03  0.13710158E-02  0.14819418E-03 10.0660  2.0000
     1   10   55  0.13211197E-03  0.43162693E-03  0.89098791E-04 10.1897  2.0000
     1   10   56  0.60473152E-04  0.25522465E-03  0.21338061E-03 10.2176  2.0000
     1   10   57  0.57793833E-04  0.63955830E-04  0.26172662E-03 10.2560  2.0000
     1   10   58  0.80510552E-03  0.16363990E-02  0.34972649E-04 10.2590  2.0000
     1   10   59  0.35462805E-04  0.18474316E-03  0.29966013E-03 10.4296  2.0000
     1   10   60  0.42750608E-04  0.90550731E-05  0.13531362E-02 10.4462  2.0000
     1   11   17  0.34135375E-06  0.37153893E-03  0.62945762E-06  7.0996  2.0000
     1   11   18  0.57171530E-06  0.40851422E-04  0.12095967E-04  7.1371  2.0000
     1   11   19  0.27430456E-03  0.93497042E-02  0.17939084E-03  7.2464  2.0000
     1   11   20  0.10964795E-01  0.18809393E-03  0.13619083E-02  7.2497  2.0000
     1   11   21  0.78094802E-04  0.33025295E-02  0.31000998E-03  7.2536  2.0000
     1   11   22  0.11576332E-01  0.14725335E-02  0.75201388E-05  7.5314  2.0000
     1   11   23  0.19004398E-02  0.68665879E-02  0.99391510E-02  7.5316  2.0000
     1   11   24  0.99390245E-04  0.11670378E-02  0.64567160E-04  8.2633  2.0000
     1   11   25  0.10473614E-02  0.19721811E-03  0.11833964E-03  8.2785  2.0000
     1   11   26  0.29259382E-04  0.84791280E-04  0.71985505E-04  8.2988  2.0000
     1   11   27  0.54601612E-06  0.16717142E-05  0.10260314E-05  8.3842  2.0000
     1   11   28  0.12766930E-03  0.37407947E-03  0.51278580E-03  8.4175  2.0000
     1   11   29  0.31542548E-04  0.24286841E-02  0.22009744E-03  8.4360  2.0000
     1   11   30  0.23046203E-03  0.16195334E-02  0.63895781E-04  8.4497  2.0000
     1   11   31  0.81545458E-03  0.12087392E-03  0.48335164E-05  8.6054  2.0000
     1   11   32  0.18097696E-04  0.92219715E-03  0.13513206E-04  8.6825  2.0000
     1   11   33  0.64008105E-03  0.65591032E-03  0.71283538E-04  8.8218  2.0000
     1   11   34  0.12267143E-02  0.44818122E-03  0.28156076E-03  8.8485  2.0000
     1   11   35  0.32664389E-04  0.60997466E-03  0.44232362E-03  8.8520  2.0000
     1   11   36  0.30834259E-05  0.21970226E-02  0.91846122E-04  8.9392  2.0000
     1   11   37  0.24134555E-03  0.47662103E-03  0.15033979E-03  9.0306  2.0000
     1   11   38  0.21451480E-03  0.38993010E-03  0.86076059E-03  9.0693  2.0000
     1   11   39  0.10551685E-02  0.34010820E-03  0.14210096E-03  9.1367  2.0000
     1   11   40  0.54609172E-03  0.28280821E-05  0.63664099E-04  9.1464  2.0000
     1   11   41  0.74334767E-03  0.33945991E-04  0.55672726E-03  9.1993  2.0000
     1   11   42  0.79614484E-05  0.53971214E-03  0.54669054E-04  9.2243  2.0000
     1   11   43  0.29321543E-04  0.48332779E-03  0.43662557E-04  9.2576  2.0000
     1   11   44  0.15264215E-03  0.42863551E-04  0.57610155E-04  9.3915  2.0000
     1   11   45  0.33571997E-02  0.42236591E-03  0.32669219E-04  9.4169  2.0000
     1   11   46  0.22478137E-02  0.46800054E-03  0.42070765E-03  9.4446  2.0000
     1   11   47  0.19804478E-03  0.30394246E-03  0.54987259E-04  9.4687  2.0000
     1   11   48  0.73861396E-03  0.37327372E-02  0.27663743E-03  9.5032  2.0000
     1   11   49  0.26084408E-02  0.14683233E-02  0.15571792E-02  9.5966  2.0000
     1   11   50  0.71705231E-05  0.39348198E-02  0.52719049E-02  9.6320  2.0000
     1   11   51  0.29209056E-04  0.46832770E-03  0.23109708E-02  9.7163  2.0000
     1   11   52  0.48416105E-05  0.30123313E-03  0.35710717E-03  9.7471  2.0000
     1   11   53  0.11003125E-03  0.70992683E-03  0.95520810E-03  9.8105  2.0000
     1   11   54  0.27821209E-03  0.40824540E-04  0.61541333E-03  9.8321  2.0000
     1   11   55  0.12349283E-03  0.19809459E-03  0.69780598E-03  9.9558  2.0000
     1   11   56  0.60397382E-04  0.12503860E-02  0.12606761E-04  9.9837  2.0000
     1   11   57  0.80774635E-04  0.10308776E-04  0.32215424E-03 10.0222  2.0000
     1   11   58  0.76033625E-03  0.70230911E-04  0.90969848E-03 10.0251  2.0000
     1   11   59  0.23347076E-03  0.25536554E-03  0.14534005E-04 10.1957  2.0000
     1   11   60  0.14830585E-04  0.25574816E-02  0.62382780E-04 10.2123  2.0000
     1   12   17  0.31909024E-07  0.47303754E-04  0.49174791E-05  7.0989  2.0000
     1   12   18  0.47900042E-06  0.20790434E-05  0.38905959E-05  7.1364  2.0000
     1   12   19  0.79747345E-04  0.28161494E-02  0.49242568E-03  7.2457  2.0000
     1   12   20  0.12410241E-02  0.46312031E-03  0.11172673E-01  7.2490  2.0000
     1   12   21  0.48565563E-05  0.92742727E-02  0.27226777E-03  7.2529  2.0000
     1   12   22  0.26800444E-02  0.93296457E-02  0.11547443E-01  7.5308  2.0000
     1   12   23  0.57018080E-03  0.63507587E-02  0.12250407E-02  7.5309  2.0000
     1   12   24  0.12611896E-04  0.29487465E-03  0.65889971E-04  8.2626  2.0000
     1   12   25  0.12179990E-03  0.29727059E-05  0.87594051E-03  8.2778  2.0000
     1   12   26  0.29385337E-05  0.10472037E-02  0.26824649E-04  8.2981  2.0000
     1   12   27  0.12763443E-07  0.52831340E-06  0.59007421E-05  8.3835  2.0000
     1   12   28  0.70752310E-04  0.85919200E-04  0.21271262E-02  8.4168  2.0000
     1   12   29  0.14743590E-05  0.23291166E-02  0.37010140E-04  8.4353  2.0000
     1   12   30  0.36422452E-04  0.26804631E-02  0.29136483E-03  8.4490  2.0000
     1   12   31  0.15003530E-03  0.25975492E-04  0.58528123E-04  8.6047  2.0000
     1   12   32  0.12551124E-04  0.46021287E-03  0.12587968E-03  8.6818  2.0000
     1   12   33  0.14279892E-03  0.32442642E-02  0.13189792E-02  8.8211  2.0000
     1   12   34  0.79676398E-04  0.58305316E-03  0.33685468E-02  8.8478  2.0000
     1   12   35  0.10925553E-04  0.88298078E-04  0.21147573E-03  8.8513  2.0000
     1   12   36  0.63460247E-06  0.80433797E-03  0.26768527E-04  8.9385  2.0000
     1   12   37  0.48143753E-04  0.52573813E-04  0.43046869E-03  9.0299  2.0000
     1   12   38  0.75275754E-03  0.10530660E-03  0.22168566E-03  9.0686  2.0000
     1   12   39  0.19461982E-03  0.15506861E-03  0.15484907E-05  9.1360  2.0000
     1   12   40  0.12429579E-03  0.14360980E-04  0.43919130E-04  9.1457  2.0000
     1   12   41  0.30781207E-03  0.15709261E-03  0.17511421E-03  9.1986  2.0000
     1   12   42  0.35229889E-05  0.17735601E-03  0.22158484E-03  9.2237  2.0000
     1   12   43  0.65153105E-04  0.47542334E-04  0.17148101E-03  9.2569  2.0000
     1   12   44  0.10105947E-02  0.19068995E-02  0.30160075E-03  9.3908  2.0000
     1   12   45  0.48319836E-04  0.34618166E-03  0.10345258E-02  9.4162  2.0000
     1   12   46  0.10298034E-02  0.21904351E-02  0.24852186E-03  9.4439  2.0000
     1   12   47  0.30532827E-02  0.50237831E-03  0.14199959E-02  9.4680  2.0000
     1   12   48  0.46180825E-03  0.56481197E-03  0.50589342E-03  9.5025  2.0000
     1   12   49  0.20086394E-03  0.16713520E-02  0.41718584E-02  9.5959  2.0000
     1   12   50  0.38007449E-02  0.37973906E-04  0.30244323E-03  9.6313  2.0000
     1   12   51  0.12627694E-03  0.50087732E-03  0.58533971E-04  9.7156  2.0000
     1   12   52  0.14208141E-03  0.85687206E-04  0.87254129E-07  9.7464  2.0000
     1   12   53  0.16465849E-02  0.20390970E-03  0.29220836E-04  9.8098  2.0000
     1   12   54  0.57330879E-03  0.57474881E-03  0.54670878E-03  9.8314  2.0000
     1   12   55  0.16836059E-02  0.21779080E-02  0.26982918E-03  9.9551  2.0000
     1   12   56  0.16889131E-03  0.41216835E-03  0.16434605E-02  9.9831  2.0000
     1   12   57  0.47971956E-03  0.68748924E-04  0.13820086E-02 10.0215  2.0000
     1   12   58  0.20323536E-02  0.75265532E-03  0.12697670E-03 10.0244  2.0000
     1   12   59  0.22561387E-04  0.83701139E-04  0.35682383E-03 10.1950  2.0000
     1   12   60  0.17480148E-04  0.55334630E-03  0.66296635E-04 10.2116  2.0000
     1   13   17  0.17077135E-05  0.14968712E-04  0.10922784E-03  7.0983  2.0000
     1   13   18  0.61407557E-06  0.20473021E-05  0.12493032E-03  7.1358  2.0000
     1   13   19  0.39256616E-03  0.39144655E-03  0.12438553E-01  7.2451  2.0000
     1   13   20  0.55874664E-05  0.44267601E-04  0.28640150E-03  7.2484  2.0000
     1   13   21  0.12637455E-01  0.35086216E-03  0.23255454E-03  7.2523  2.0000
     1   13   22  0.30441708E-02  0.21244934E-02  0.57765583E-02  7.5302  2.0000
     1   13   23  0.11981579E-01  0.56324465E-02  0.31248549E-02  7.5303  2.0000
     1   13   24  0.30971585E-05  0.49890709E-04  0.12296069E-02  8.2620  2.0000
     1   13   25  0.11167800E-04  0.10270679E-04  0.35626979E-03  8.2772  2.0000
     1   13   26  0.93226446E-03  0.18475719E-03  0.27975551E-05  8.2975  2.0000
     1   13   27  0.19189416E-07  0.23862370E-07  0.25213946E-04  8.3829  2.0000
     1   13   28  0.53190541E-05  0.22886780E-05  0.46347236E-03  8.4162  2.0000
     1   13   29  0.17357742E-03  0.47005448E-03  0.26188134E-03  8.4347  2.0000
     1   13   30  0.97733426E-04  0.14436758E-04  0.62091258E-03  8.4484  2.0000
     1   13   31  0.24054395E-04  0.44402863E-05  0.27949310E-03  8.6042  2.0000
     1   13   32  0.41587418E-04  0.67111665E-04  0.15334882E-02  8.6812  2.0000
     1   13   33  0.22497645E-02  0.11007894E-03  0.47197621E-04  8.8206  2.0000
     1   13   34  0.19901937E-02  0.19984795E-03  0.59529530E-04  8.8472  2.0000
     1   13   35  0.38514230E-03  0.13100823E-03  0.12448135E-03  8.8507  2.0000
     1   13   36  0.49185987E-04  0.83456060E-04  0.37423515E-02  8.9379  2.0000
     1   13   37  0.13244199E-05  0.36675212E-04  0.46113786E-03  9.0293  2.0000
     1   13   38  0.50383844E-03  0.41554897E-03  0.11587384E-04  9.0680  2.0000
     1   13   39  0.41807589E-03  0.24362300E-03  0.38089612E-03  9.1354  2.0000
     1   13   40  0.20602114E-03  0.91327752E-04  0.13481578E-03  9.1451  2.0000
     1   13   41  0.42072124E-03  0.37414087E-03  0.30574270E-05  9.1980  2.0000
     1   13   42  0.13964181E-04  0.19628962E-04  0.93309589E-03  9.2231  2.0000
     1   13   43  0.68453256E-05  0.11248993E-04  0.36169641E-03  9.2563  2.0000
     1   13   44  0.46328285E-02  0.19511565E-02  0.39228282E-03  9.3902  2.0000
     1   13   45  0.86811424E-03  0.26942068E-03  0.15482088E-02  9.4156  2.0000
     1   13   46  0.99908221E-04  0.30809393E-02  0.64154871E-03  9.4433  2.0000
     1   13   47  0.24848553E-04  0.14576952E-02  0.30837353E-03  9.4674  2.0000
     1   13   48  0.14944605E-03  0.66224803E-05  0.21085793E-02  9.5019  2.0000
     1   13   49  0.17880897E-02  0.67558443E-03  0.30696842E-02  9.5953  2.0000
     1   13   50  0.46127370E-03  0.98083510E-04  0.14505072E-02  9.6307  2.0000
     1   13   51  0.81730667E-03  0.84922969E-03  0.33345695E-03  9.7150  2.0000
     1   13   52  0.18401490E-04  0.44571756E-04  0.98468617E-03  9.7458  2.0000
     1   13   53  0.13896255E-03  0.51952729E-03  0.94469564E-04  9.8092  2.0000
     1   13   54  0.27256066E-04  0.23040394E-03  0.57086647E-03  9.8308  2.0000
     1   13   55  0.80978382E-03  0.51915302E-02  0.90523164E-04  9.9545  2.0000
     1   13   56  0.47169377E-04  0.72637421E-05  0.43782504E-04  9.9825  2.0000
     1   13   57  0.25636560E-04  0.28442906E-03  0.24428835E-02 10.0209  2.0000
     1   13   58  0.98372054E-03  0.63409103E-03  0.87745884E-04 10.0238  2.0000
     1   13   59  0.14350030E-04  0.49762765E-04  0.10866300E-02 10.1945  2.0000
     1   13   60  0.23615043E-04  0.16525382E-03  0.27084756E-02 10.2111  2.0000
     1   14   17  0.27154076E-03  0.16679222E-01  0.28399021E-02  5.6693  2.0000
     1   14   18  0.79312847E-04  0.44393610E-02  0.84663800E-03  5.7068  2.0000
     1   14   19  0.93352347E-03  0.26219253E-02  0.39690959E-03  5.8161  2.0000
     1   14   20  0.64928187E-02  0.16757142E-01  0.48548775E-03  5.8194  2.0000
     1   14   21  0.80721776E-03  0.16666322E-02  0.10270788E-01  5.8233  2.0000
     1   14   22  0.37207920E-02  0.73366023E-03  0.20366839E-02  6.1012  2.0000
     1   14   23  0.36590035E-03  0.88954603E-03  0.16357523E-02  6.1013  2.0000
     1   14   24  0.70261461E-04  0.42410677E-02  0.14477958E-03  6.8330  2.0000
     1   14   25  0.20827944E-02  0.25594216E-02  0.41513976E-03  6.8482  2.0000
     1   14   26  0.24591568E-03  0.43468450E-03  0.38518246E-02  6.8686  2.0000
     1   14   27  0.36314241E-04  0.15781861E-02  0.21850138E-03  6.9539  2.0000
     1   14   28  0.74427284E-03  0.30581593E-02  0.37375531E-03  6.9872  2.0000
     1   14   29  0.23022487E-04  0.10809203E-02  0.39233359E-02  7.0057  2.0000
     1   14   30  0.55516568E-04  0.99623449E-03  0.25268887E-03  7.0194  2.0000
     1   14   31  0.26969635E-02  0.13902748E-03  0.50560033E-04  7.1752  2.0000
     1   14   32  0.13690529E-04  0.75917099E-03  0.99934544E-04  7.2522  2.0000
     1   14   33  0.81485814E-03  0.40138223E-04  0.16431390E-03  7.3916  2.0000
     1   14   34  0.70658738E-03  0.65466503E-03  0.55042312E-03  7.4182  2.0000
     1   14   35  0.44391249E-04  0.31429593E-03  0.14942345E-02  7.4217  2.0000
     1   14   36  0.83447168E-04  0.13591228E-02  0.27766547E-03  7.5089  2.0000
     1   14   37  0.59572410E-04  0.26358891E-02  0.40240120E-03  7.6003  2.0000
     1   14   38  0.16669513E-03  0.14123822E-03  0.13024816E-03  7.6391  2.0000
     1   14   39  0.13184536E-03  0.10196398E-02  0.15805513E-04  7.7064  2.0000
     1   14   40  0.63296142E-04  0.76263489E-03  0.38146619E-03  7.7161  2.0000
     1   14   41  0.11020717E-03  0.13635696E-03  0.43302835E-03  7.7690  2.0000
     1   14   42  0.14894499E-03  0.42035270E-03  0.64482286E-04  7.7941  2.0000
     1   14   43  0.24732542E-03  0.52246854E-03  0.12016055E-04  7.8273  2.0000
     1   14   44  0.33385666E-04  0.19414895E-03  0.79077343E-03  7.9612  2.0000
     1   14   45  0.63275815E-03  0.52565152E-03  0.62014498E-03  7.9866  2.0000
     1   14   46  0.84808763E-04  0.45009417E-03  0.59901322E-04  8.0143  2.0000
     1   14   47  0.41758396E-04  0.67638806E-03  0.38905364E-03  8.0384  2.0000
     1   14   48  0.13131584E-03  0.95588916E-03  0.88946365E-04  8.0729  2.0000
     1   14   49  0.25024538E-03  0.34477746E-04  0.85994551E-04  8.1663  2.0000
     1   14   50  0.28945996E-03  0.19814714E-03  0.14473054E-03  8.2017  2.0000
     1   14   51  0.38687260E-04  0.29465766E-04  0.32187139E-03  8.2861  2.0000
     1   14   52  0.22324989E-03  0.95986050E-03  0.75689928E-04  8.3168  2.0000
     1   14   53  0.18422837E-04  0.41772695E-03  0.63782336E-04  8.3802  2.0000
     1   14   54  0.19756634E-03  0.31961892E-04  0.10569499E-04  8.4018  2.0000
     1   14   55  0.36617536E-06  0.34543767E-03  0.17333588E-02  8.5255  2.0000
     1   14   56  0.11364282E-03  0.24354965E-03  0.81038309E-05  8.5535  2.0000
     1   14   57  0.19958735E-03  0.15569158E-03  0.13524117E-04  8.5919  2.0000
     1   14   58  0.35435538E-04  0.89830632E-04  0.14640738E-02  8.5948  2.0000
     1   14   59  0.15146723E-02  0.80378042E-04  0.29853661E-03  8.7655  2.0000
     1   14   60  0.50173249E-04  0.14899983E-03  0.28210451E-04  8.7821  2.0000
     1   15   17  0.15942372E-01  0.85781270E-05  0.26572182E-02  5.6675  2.0000
     1   15   18  0.38728643E-02  0.78795017E-05  0.88146892E-03  5.7050  2.0000
     1   15   19  0.23274296E-01  0.20712286E-04  0.15699906E-02  5.8144  2.0000
     1   15   20  0.71596494E-03  0.54961863E-02  0.22525187E-02  5.8176  2.0000
     1   15   21  0.35602298E-03  0.13184277E-02  0.61953614E-02  5.8215  2.0000
     1   15   22  0.22009399E-03  0.17785569E-02  0.34972852E-03  6.0994  2.0000
     1   15   23  0.72305715E-03  0.27668213E-02  0.33930255E-02  6.0996  2.0000
     1   15   24  0.63741587E-02  0.21871915E-03  0.15601170E-03  6.8312  2.0000
     1   15   25  0.53332450E-03  0.14175872E-02  0.12754636E-02  6.8465  2.0000
     1   15   26  0.43920669E-03  0.46690133E-03  0.22243561E-02  6.8668  2.0000
     1   15   27  0.16659547E-02  0.76579135E-06  0.16557853E-03  6.9522  2.0000
     1   15   28  0.44516107E-04  0.16580663E-02  0.33904126E-03  6.9854  2.0000
     1   15   29  0.46535054E-03  0.32919196E-03  0.79344687E-03  7.0039  2.0000
     1   15   30  0.97524732E-03  0.12059919E-02  0.14879812E-02  7.0177  2.0000
     1   15   31  0.55605699E-05  0.21885593E-02  0.21589498E-03  7.1734  2.0000
     1   15   32  0.14130674E-02  0.13290706E-03  0.26498566E-03  7.2504  2.0000
     1   15   33  0.67334520E-04  0.50522337E-03  0.43143263E-03  7.3898  2.0000
     1   15   34  0.16011814E-03  0.23884946E-03  0.73369579E-04  7.4164  2.0000
     1   15   35  0.35601705E-03  0.11300485E-02  0.22036115E-02  7.4200  2.0000
     1   15   36  0.39206193E-02  0.47909821E-05  0.11262707E-03  7.5071  2.0000
     1   15   37  0.62004837E-05  0.51969052E-05  0.27709585E-03  7.5986  2.0000
     1   15   38  0.11937479E-03  0.76397243E-05  0.59023046E-03  7.6373  2.0000
     1   15   39  0.55921823E-03  0.30817601E-03  0.34036717E-04  7.7046  2.0000
     1   15   40  0.11359496E-02  0.36329403E-04  0.30628144E-03  7.7144  2.0000
     1   15   41  0.11254303E-03  0.62494042E-04  0.57910374E-03  7.7672  2.0000
     1   15   42  0.12284664E-02  0.13137595E-03  0.93858677E-04  7.7923  2.0000
     1   15   43  0.22689031E-03  0.12875174E-03  0.66921244E-04  7.8255  2.0000
     1   15   44  0.55571635E-03  0.10127080E-03  0.27228347E-03  7.9594  2.0000
     1   15   45  0.16691095E-03  0.51982307E-03  0.82439161E-03  7.9848  2.0000
     1   15   46  0.26941005E-04  0.13437035E-03  0.10251350E-03  8.0125  2.0000
     1   15   47  0.16028257E-03  0.11317454E-03  0.49083412E-03  8.0366  2.0000
     1   15   48  0.13652843E-02  0.10857278E-03  0.13339490E-03  8.0712  2.0000
     1   15   49  0.68392461E-04  0.25766775E-03  0.11341373E-04  8.1645  2.0000
     1   15   50  0.58062359E-04  0.24436046E-03  0.11067509E-03  8.1999  2.0000
     1   15   51  0.44860826E-04  0.52027357E-05  0.79979026E-04  8.2843  2.0000
     1   15   52  0.12060228E-03  0.33750608E-03  0.13818219E-03  8.3150  2.0000
     1   15   53  0.52415068E-03  0.13855859E-03  0.15222061E-03  8.3784  2.0000
     1   15   54  0.44236786E-03  0.39546681E-04  0.38503112E-04  8.4000  2.0000
     1   15   55  0.16904568E-03  0.35838319E-03  0.23841293E-03  8.5238  2.0000
     1   15   56  0.84539911E-03  0.16772338E-03  0.54307017E-04  8.5517  2.0000
     1   15   57  0.36028786E-03  0.15570889E-04  0.40627721E-04  8.5901  2.0000
     1   15   58  0.40526571E-06  0.34370776E-03  0.13900469E-03  8.5931  2.0000
     1   15   59  0.35150167E-04  0.19574954E-02  0.47782450E-04  8.7637  2.0000
     1   15   60  0.34622157E-03  0.96054794E-04  0.33471185E-03  8.7803  2.0000
     1   16   17  0.16922836E-02  0.28618661E-02  0.16089061E-01  5.6659  2.0000
     1   16   18  0.44663878E-03  0.69832906E-03  0.45285930E-02  5.7034  2.0000
     1   16   19  0.30099914E-02  0.15041528E-02  0.73702634E-02  5.8127  2.0000
     1   16   20  0.61170262E-03  0.12197643E-03  0.77932512E-02  5.8160  2.0000
     1   16   21  0.54547476E-02  0.10900414E-01  0.38623876E-02  5.8199  2.0000
     1   16   22  0.11446997E-03  0.29566400E-02  0.22396490E-02  6.0978  2.0000
     1   16   23  0.39249985E-02  0.22737565E-03  0.13200463E-03  6.0979  2.0000
     1   16   24  0.13487178E-02  0.26133061E-03  0.30068925E-03  6.8296  2.0000
     1   16   25  0.48878879E-04  0.11110449E-04  0.47304390E-02  6.8448  2.0000
     1   16   26  0.19001308E-02  0.45052528E-02  0.20424833E-02  6.8652  2.0000
     1   16   27  0.17442638E-03  0.26152594E-03  0.12786928E-02  6.9505  2.0000
     1   16   28  0.29430403E-04  0.14291761E-02  0.17617793E-02  6.9838  2.0000
     1   16   29  0.34140964E-03  0.16366556E-02  0.13310738E-02  7.0023  2.0000
     1   16   30  0.38744808E-03  0.11175743E-02  0.22175124E-02  7.0160  2.0000
     1   16   31  0.32399406E-04  0.53029239E-03  0.37034145E-04  7.1718  2.0000
     1   16   32  0.65043702E-03  0.13576522E-03  0.93934734E-03  7.2488  2.0000
     1   16   33  0.16840798E-03  0.17290868E-03  0.14387483E-03  7.3882  2.0000
     1   16   34  0.11901519E-03  0.66989011E-03  0.14214298E-03  7.4148  2.0000
     1   16   35  0.26497383E-02  0.44551753E-03  0.57562018E-04  7.4183  2.0000
     1   16   36  0.19897615E-03  0.23040733E-03  0.14984932E-02  7.5055  2.0000
     1   16   37  0.24855201E-05  0.42548550E-03  0.23582052E-02  7.5970  2.0000
     1   16   38  0.32949317E-03  0.93817238E-04  0.10241457E-03  7.6357  2.0000
     1   16   39  0.37541029E-03  0.43580667E-03  0.46770309E-03  7.7030  2.0000
     1   16   40  0.78371074E-05  0.23108636E-04  0.87184966E-03  7.7128  2.0000
     1   16   41  0.39503408E-03  0.59147308E-03  0.30154550E-03  7.7656  2.0000
     1   16   42  0.29875294E-03  0.29201862E-04  0.39233326E-04  7.7907  2.0000
     1   16   43  0.12211631E-03  0.57796029E-04  0.10240749E-02  7.8239  2.0000
     1   16   44  0.16608378E-03  0.12038364E-02  0.83996997E-03  7.9578  2.0000
     1   16   45  0.18061610E-03  0.36788855E-03  0.57017402E-03  7.9832  2.0000
     1   16   46  0.32302775E-03  0.31666567E-04  0.15618532E-02  8.0109  2.0000
     1   16   47  0.12220234E-03  0.25047551E-03  0.10531799E-02  8.0350  2.0000
     1   16   48  0.56556342E-03  0.36364432E-04  0.36070285E-03  8.0695  2.0000
     1   16   49  0.21567623E-03  0.21657309E-03  0.25071787E-03  8.1629  2.0000
     1   16   50  0.16325265E-03  0.10455536E-03  0.37176628E-04  8.1983  2.0000
     1   16   51  0.22129519E-04  0.82671070E-03  0.10224593E-03  8.2827  2.0000
     1   16   52  0.68090955E-04  0.23627540E-03  0.23206337E-04  8.3134  2.0000
     1   16   53  0.14320840E-03  0.18167007E-03  0.22208471E-03  8.3768  2.0000
     1   16   54  0.29026874E-03  0.14055855E-03  0.48442290E-03  8.3984  2.0000
     1   16   55  0.30844133E-03  0.11287158E-02  0.35538710E-04  8.5221  2.0000
     1   16   56  0.15681608E-03  0.19014859E-04  0.12875977E-03  8.5501  2.0000
     1   16   57  0.32328329E-04  0.39516443E-04  0.93817326E-04  8.5885  2.0000
     1   16   58  0.25729190E-04  0.11312045E-02  0.38407866E-03  8.5914  2.0000
     1   16   59  0.17537711E-04  0.63560304E-03  0.32731796E-03  8.7621  2.0000
     1   16   60  0.15359151E-03  0.11402788E-03  0.44679857E-03  8.7787  2.0000
