10
37

          k = 0.5000 0.5000 0.5000 (   410 PWs)   bands (ev):

    -3.4442  -0.8425   4.9964   4.9964   7.7700   9.5560   9.5560  13.7979
    16.8290  16.8290

          k = 0.4375 0.4375 0.4375 (   401 PWs)   bands (ev):

    -3.6536  -0.5337   5.0258   5.0258   7.8019   9.5894   9.5894  13.8497
    15.9209  15.9209

          k = 0.3750 0.3750 0.3750 (   407 PWs)   bands (ev):

    -4.1037   0.2073   5.1106   5.1106   7.8924   9.6716   9.6716  13.9688
    14.8546  14.8546

          k = 0.3125 0.3125 0.3125 (   401 PWs)   bands (ev):

    -4.5850   1.1691   5.2512   5.2512   8.0475   9.7525   9.7525  13.8937
    13.9990  13.9990

          k = 0.2500 0.2500 0.2500 (   395 PWs)   bands (ev):

    -5.0154   2.2591   5.4430   5.4430   8.2542   9.7352   9.7352  13.1150
    13.4671  13.4671

          k = 0.1875 0.1875 0.1875 (   387 PWs)   bands (ev):

    -5.3641   3.4254   5.6756   5.6756   8.4987   9.5409   9.5409  12.0549
    13.3305  13.3305

          k = 0.1250 0.1250 0.1250 (   396 PWs)   bands (ev):

    -5.6195   4.6116   5.9210   5.9210   8.7321   9.2131   9.2131  10.9630
    13.5194  13.5194

          k = 0.0625 0.0625 0.0625 (   405 PWs)   bands (ev):

    -5.7752   5.6853   6.1293   6.1293   8.8502   8.9081   8.9081  10.0219
    13.8480  13.8480

          k = 0.0000 0.0000 0.0000 (   411 PWs)   bands (ev):

    -5.8271   6.2154   6.2154   6.2154   8.7810   8.7810   8.7810   9.6565
    13.9804  14.0183

          k = 0.0000 0.0000 0.1250 (   403 PWs)   bands (ev):

    -5.7578   5.8045   5.9467   5.9467   8.6114   9.1358   9.1358  10.0461
    13.5148  14.1024

          k = 0.0000 0.0000 0.2500 (   391 PWs)   bands (ev):

    -5.5496   4.9012   5.3920   5.3920   8.2046   9.9412   9.9412  10.6511
    12.7605  14.3331

          k = 0.0000 0.0000 0.3750 (   399 PWs)   bands (ev):

    -5.2070   3.8362   4.8072   4.8072   7.7275  10.2699  10.9309  10.9309
    13.1361  14.7129

          k = 0.0000 0.0000 0.5000 (   415 PWs)   bands (ev):

    -4.7316   2.7187   4.2873   4.2873   7.2929   9.3095  12.0062  12.0062
    14.2951  15.2440

          k = 0.0000 0.0000 0.6250 (   411 PWs)   bands (ev):

    -4.1261   1.5900   3.8665   3.8665   6.9611   8.4087  13.1341  13.1341
    15.6077  15.9257

          k = 0.0000 0.0000 0.7500 (   404 PWs)   bands (ev):

    -3.3994   0.4728   3.5589   3.5589   6.7616   7.6915  14.2893  14.2893
    16.7709  16.9116

          k = 0.0000 0.0000 0.8750 (   404 PWs)   bands (ev):

    -2.5617  -0.6064   3.3715   3.3715   6.7200   7.1731  15.4663  15.4663
    17.7492  18.1345

          k = 0.0000 0.0000 1.0000 (   388 PWs)   bands (ev):

    -1.6236  -1.6236   3.3093   3.3093   6.8558   6.8558  16.3482  16.3482
    17.2555  17.2555

          k = 0.0000 0.1250 1.0000 (   406 PWs)   bands (ev):

    -1.6015  -1.6015   3.1130   3.1130   7.2216   7.2216  15.6444  15.6444
    16.8997  16.8997

          k = 0.0000 0.2500 1.0000 (   408 PWs)   bands (ev):

    -1.5414  -1.5414   2.7198   2.7198   8.1386   8.1386  14.0838  14.0838
    16.8253  16.8253

          k = 0.0000 0.3750 1.0000 (   398 PWs)   bands (ev):

    -1.4758  -1.4758   2.3912   2.3912   9.3564   9.3564  12.4656  12.4656
    16.8299  16.8299

          k = 0.0000 0.5000 1.0000 (   396 PWs)   bands (ev):

    -1.4468  -1.4468   2.2664   2.2664  10.4479  10.4479  11.2410  11.2410
    16.8381  16.8381

          k = 0.0000 0.6250 1.0000 (   398 PWs)   bands (ev):

    -1.4758  -1.4758   2.3912   2.3912   9.3564   9.3564  12.4656  12.4656
    16.8299  16.8299

          k = 0.0000 0.7500 1.0000 (   408 PWs)   bands (ev):

    -1.5414  -1.5414   2.7198   2.7198   8.1386   8.1386  14.0838  14.0838
    16.8253  16.8253

          k = 0.0000 0.8750 1.0000 (   406 PWs)   bands (ev):

    -1.6015  -1.6015   3.1130   3.1130   7.2216   7.2216  15.6444  15.6444
    16.8997  16.8997

          k = 0.0000 1.0000 1.0000 (   388 PWs)   bands (ev):

    -1.6236  -1.6236   3.3093   3.3093   6.8558   6.8558  16.3482  16.3482
    17.2555  17.2555

          k = 0.0000 0.9375 0.9375 (   402 PWs)   bands (ev):

    -1.6380  -1.5881   3.0848   3.3368   6.8857   7.1904  16.0143  16.1494
    16.7868  16.8978

          k = 0.0000 0.8750 0.8750 (   412 PWs)   bands (ev):

    -1.6894  -1.4774   2.6043   3.4192   6.9807   8.0171  15.3079  15.6710
    15.9377  16.2108

          k = 0.0000 0.8125 0.8125 (   405 PWs)   bands (ev):

    -1.8074  -1.2905   2.1303   3.5563   7.1406   9.1011  14.5141  15.0725
    15.0769  15.4829

          k = 0.0000 0.7500 0.7500 (   399 PWs)   bands (ev):

    -2.0285  -1.0314   1.8057   3.7437   7.3588  10.3232  13.7260  14.2430
    14.4533  14.7782

          k = 0.0000 0.6562 0.6562 (   403 PWs)   bands (ev):

    -2.5742  -0.5073   1.7049   4.1085   7.7840  12.1678  12.6104  13.2462
    13.5534  13.8309

          k = 0.0000 0.5625 0.5625 (   403 PWs)   bands (ev):

    -3.2723   0.1779   2.0108   4.5488   8.2943  11.6160  11.9070  12.7706
    13.0703  14.5777

          k = 0.0000 0.4688 0.4688 (   407 PWs)   bands (ev):

    -3.9820   1.0194   2.5957   5.0220   8.8135  10.7602  11.0584  12.1854
    12.5497  16.3724

          k = 0.0000 0.3750 0.3750 (   397 PWs)   bands (ev):

    -4.6170   2.0100   3.3659   5.4703   9.1966  10.0553  10.3319  11.8980
    12.3411  16.4976

          k = 0.0000 0.2812 0.2812 (   393 PWs)   bands (ev):

    -5.1360   3.1326   4.2459   5.8290   9.3069   9.5013   9.7361  11.8458
    12.4790  14.7292

          k = 0.0000 0.1875 0.1875 (   389 PWs)   bands (ev):

    -5.5163   4.3524   5.1438   6.0638   9.1032   9.2126   9.2667  11.3154
    12.9563  13.8839

          k = 0.0000 0.0938 0.0938 (   403 PWs)   bands (ev):

    -5.7491   5.5538   5.8958   6.1808   8.8621   8.9257   9.0203  10.1853
    13.6248  13.9282

          k = 0.0000 0.0000 0.0000 (   411 PWs)   bands (ev):

    -5.8271   6.2154   6.2154   6.2154   8.7810   8.7810   8.7810   9.6565
    13.9804  14.0183
