       0.025000        0.000000
       0.075000        0.000000
       0.125000        0.000000
       0.175000        0.000000
       0.225000        0.000000
       0.275000        0.000000
       0.325000        0.000000
       0.375000        0.000000
       0.425000        0.000000
       0.475000        0.000000
       0.525000        0.000000
       0.575000        0.000000
       0.625000        0.000000
       0.675000        0.000000
       0.725000        0.000000
       0.775000        7.740599
       0.825000        7.740599
       0.875000        0.000000
       0.925000        0.000000
       0.975000        0.000000
       1.025000        0.000000
       1.075000        0.000000
       1.125000        0.000000
       1.175000        0.000000
       1.225000        8.847797
       1.275000        8.847797
       1.325000        0.000000
       1.375000        0.000000
       1.425000        3.407300
       1.475000        3.407300
       1.525000        0.000000
       1.575000        0.000000
       1.625000        0.000000
       1.675000        0.000000
       1.725000        0.000000
       1.775000        0.000000
       1.825000        0.199508
       1.875000        0.199508
       1.925000        0.000000
       1.975000        0.000000
       2.025000        0.000000
       2.075000        0.000000
       2.125000        0.000000
       2.175000        0.000000
       2.225000        3.202494
       2.275000        3.202494
       2.325000        0.681456
       2.375000        0.681456
       2.425000        5.598365
       2.475000        5.598365
       2.525000        0.000000
       2.575000        0.000000
       2.625000        0.000000
       2.675000        0.024719
       2.725000        0.024719
       2.775000        0.000000
       2.825000        0.000000
       2.875000        0.000000
       2.925000        2.460063
       2.975000        2.460063
       3.025000        0.000000
       3.075000        0.728132
       3.125000        0.728132
       3.175000        0.000000
       3.225000        0.000000
       3.275000        0.005398
       3.325000        0.005398
       3.375000        0.000000
       3.425000        0.000000
       3.475000        0.000000
       3.525000        0.000000
       3.575000        0.000000
       3.625000        0.000000
       3.675000        3.359684
       3.725000        5.477579
       3.775000        3.943417
       3.825000        1.970368
       3.875000        1.194595
       3.925000        1.484620
       3.975000        0.434870
       4.025000        0.851279
       4.075000        0.859752
       4.125000        0.008473
       4.175000        2.843518
       4.225000        2.843518
       4.275000        0.000000
       4.325000        0.002131
       4.375000        0.043800
       4.425000        0.041869
       4.475000        0.000199
       4.525000        1.778393
       4.575000        1.778393
       4.625000        0.000000
       4.675000        0.124371
       4.725000        0.124371
       4.775000        0.991945
       4.825000        0.991945
       4.875000        0.000000
       4.925000        0.000000
       4.975000        0.000000
       5.025000        0.951506
       5.075000        0.951506
       5.125000        0.000310
       5.175000        0.000310
       5.225000        0.000000
       5.275000        0.039321
       5.325000        0.039321
       5.375000        0.000000
       5.425000        0.000000
       5.475000        0.468730
       5.525000        1.355827
       5.575000        0.887097
       5.625000        0.097948
       5.675000        0.331029
       5.725000        0.233080
       5.775000        0.000000
       5.825000        0.000000
       5.875000        0.000000
       5.925000        0.003339
       5.975000        0.003339
       6.025000        0.000320
       6.075000        0.000320
       6.125000        0.000001
       6.175000        0.000004
       6.225000        0.033159
       6.275000        0.497815
       6.325000        0.464667
       6.375000        0.000009
       6.425000        0.000039
       6.475000        0.000039
       6.525000        0.217890
       6.575000        0.293985
       6.625000        0.087087
       6.675000        0.010992
       6.725000        0.000112
       6.775000        0.000112
       6.825000        0.000000
       6.875000        0.000000
       6.925000        0.002973
       6.975000        0.244455
       7.025000        0.241787
       7.075000        0.000510
       7.125000        0.000206
       7.175000        0.000000
       7.225000        0.027071
       7.275000        0.027071
       7.325000        0.000000
       7.375000        0.000056
       7.425000        0.123046
       7.475000        0.123333
       7.525000        0.298353
       7.575000        0.298011
       7.625000        0.000000
       7.675000        0.009180
       7.725000        0.009180
       7.775000        0.000000
       7.825000        0.000117
       7.875000        0.000147
       7.925000        0.000549
       7.975000        0.003028
       8.025000        0.002509
       8.075000        0.000241
       8.125000        0.000330
       8.175000        0.000100
       8.225000        0.021901
       8.275000        0.021890
       8.325000        0.000133
       8.375000        0.132668
       8.425000        0.156123
       8.475000        0.024384
       8.525000        0.000796
       8.575000        0.000000
       8.625000        0.000011
       8.675000        0.061469
       8.725000        0.069034
       8.775000        0.007575
       8.825000        0.000000
       8.875000        0.000448
       8.925000        0.000455
       8.975000        0.000008
       9.025000        0.076016
       9.075000        0.076016
       9.125000        0.000000
       9.175000        0.000246
       9.225000        0.018129
       9.275000        0.018056
       9.325000        0.037988
       9.375000        0.037814
       9.425000        0.000388
       9.475000        0.000388
       9.525000        0.000000
       9.575000        0.000000
       9.625000        0.001428
       9.675000        0.075591
       9.725000        0.074168
       9.775000        0.006293
       9.825000        0.006288
       9.875000        0.000000
       9.925000        0.000032
       9.975000        0.000032
      10.025000        0.000577
      10.075000        0.001076
      10.125000        0.002217
      10.175000        0.001719
      10.225000        0.016711
      10.275000        0.016877
      10.325000        0.000165
      10.375000        0.000000
      10.425000        0.000014
      10.475000        0.044464
      10.525000        0.044450
      10.575000        0.000000
      10.625000        0.000003
      10.675000        0.000847
      10.725000        0.000903
      10.775000        0.000081
      10.825000        0.025252
      10.875000        0.028152
      10.925000        0.002921
      10.975000        0.000000
      11.025000        0.024753
      11.075000        0.024766
      11.125000        0.012181
      11.175000        0.013534
      11.225000        0.001390
      11.275000        0.000024
      11.325000        0.001591
      11.375000        0.002344
      11.425000        0.000877
      11.475000        0.000142
      11.525000        0.000017
      11.575000        0.000002
      11.625000        0.000002
      11.675000        0.000013
      11.725000        0.000013
      11.775000        0.000000
      11.825000        0.000000
      11.875000        0.000000
      11.925000        0.000000
      11.975000        0.000000
      12.025000        0.000017
      12.075000        0.000256
      12.125000        0.000239
      12.175000        0.000000
      12.225000        0.000000
      12.275000        0.000001
      12.325000        0.000001
      12.375000        0.000000
      12.425000        0.000000
      12.475000        0.000000
      12.525000        0.000001
      12.575000        0.000001
      12.625000        0.000000
      12.675000        0.000008
      12.725000        0.000009
      12.775000        0.000001
      12.825000        0.000000
      12.875000        0.000000
      12.925000        0.000011
      12.975000        0.000011
      13.025000        0.000016
      13.075000        0.000016
      13.125000        0.000000
      13.175000        0.000000
      13.225000        0.000000
      13.275000        0.000012
      13.325000        0.000012
      13.375000        0.000000
      13.425000        0.000000
      13.475000        0.000000
      13.525000        0.000001
      13.575000        0.000002
      13.625000        0.000001
      13.675000        0.000005
      13.725000        0.000005
      13.775000        0.000000
      13.825000        0.000000
      13.875000        0.000000
      13.925000        0.000006
      13.975000        0.000006
      14.025000        0.000000
      14.075000        0.000000
      14.125000        0.000022
      14.175000        0.000022
      14.225000        0.000000
      14.275000        0.000000
      14.325000        0.000000
      14.375000        0.000000
      14.425000        0.000000
      14.475000        0.000000
      14.525000        0.000000
      14.575000        0.000000
      14.625000        0.000000
      14.675000        0.000000
      14.725000        0.000000
      14.775000        0.000000
      14.825000        0.000000
      14.875000        0.000000
      14.925000        0.000000
      14.975000        0.000000
      15.025000        0.000000
      15.075000        0.000000
      15.125000        0.000000
      15.175000        0.000000
      15.225000        0.000000
      15.275000        0.000000
      15.325000        0.000000
      15.375000        0.000000
      15.425000        0.000000
      15.475000        0.000000
      15.525000        0.000000
      15.575000        0.000000
      15.625000        0.000000
      15.675000        0.000000
      15.725000        0.000000
      15.775000        0.000000
      15.825000        0.000000
      15.875000        0.000000
      15.925000        0.000000
      15.975000        0.000000
      16.025000        0.000000
      16.075000        0.000000
      16.125000        0.000000
      16.175000        0.000000
      16.225000        0.000000
      16.275000        0.000000
      16.325000        0.000000
      16.375000        0.000000
      16.425000        0.000000
      16.475000        0.000000
      16.525000        0.000000
      16.575000        0.000000
      16.625000        0.000000
      16.675000        0.000000
      16.725000        0.000000
      16.775000        0.000000
      16.825000        0.000000
      16.875000        0.000000
      16.925000        0.000000
      16.975000        0.000000
      17.025000        0.000000
      17.075000        0.000000
      17.125000        0.000000
      17.175000        0.000000
      17.225000        0.000000
      17.275000        0.000000
      17.325000        0.000000
      17.375000        0.000000
      17.425000        0.000000
      17.475000        0.000000
      17.525000        0.000000
      17.575000        0.000000
      17.625000        0.000000
      17.675000        0.000000
      17.725000        0.000000
      17.775000        0.000000
      17.825000        0.000000
      17.875000        0.000000
      17.925000        0.000000
      17.975000        0.000000
      18.025000        0.000000
      18.075000        0.000000
      18.125000        0.000000
      18.175000        0.000000
      18.225000        0.000000
      18.275000        0.000000
      18.325000        0.000000
      18.375000        0.000000
      18.425000        0.000000
      18.475000        0.000000
      18.525000        0.000000
      18.575000        0.000000
      18.625000        0.000000
      18.675000        0.000000
      18.725000        0.000000
      18.775000        0.000000
      18.825000        0.000000
      18.875000        0.000000
      18.925000        0.000000
      18.975000        0.000000
      19.025000        0.000000
      19.075000        0.000000
      19.125000        0.000000
      19.175000        0.000000
      19.225000        0.000000
      19.275000        0.000000
      19.325000        0.000000
      19.375000        0.000000
      19.425000        0.000000
      19.475000        0.000000
      19.525000        0.000000
      19.575000        0.000000
      19.625000        0.000000
      19.675000        0.000000
      19.725000        0.000000
      19.775000        0.000000
      19.825000        0.000000
      19.875000        0.000000
      19.925000        0.000000
      19.975000        0.000000
      20.025000        0.000000
      20.075000        0.000000
      20.125000        0.000000
      20.175000        0.000000
      20.225000        0.000000
      20.275000        0.000000
      20.325000        0.000000
      20.375000        0.000000
      20.425000        0.000000
      20.475000        0.000000
      20.525000        0.000000
      20.575000        0.000000
      20.625000        0.000000
      20.675000        0.000000
      20.725000        0.000000
      20.775000        0.000000
      20.825000        0.000000
      20.875000        0.000000
      20.925000        0.000000
      20.975000        0.000000
      21.025000        0.000000
      21.075000        0.000000
      21.125000        0.000000
      21.175000        0.000000
      21.225000        0.000000
      21.275000        0.000000
      21.325000        0.000000
      21.375000        0.000000
      21.425000        0.000000
      21.475000        0.000000
      21.525000        0.000000
      21.575000        0.000000
      21.625000        0.000000
      21.675000        0.000000
      21.725000        0.000000
      21.775000        0.000000
      21.825000        0.000000
      21.875000        0.000000
      21.925000        0.000000
      21.975000        0.000000
      22.025000        0.000000
      22.075000        0.000000
      22.125000        0.000000
      22.175000        0.000000
      22.225000        0.000000
      22.275000        0.000000
      22.325000        0.000000
      22.375000        0.000000
      22.425000        0.000000
      22.475000        0.000000
      22.525000        0.000000
      22.575000        0.000000
      22.625000        0.000000
      22.675000        0.000003
      22.725000        0.000003
      22.775000        0.000004
      22.825000        0.000007
      22.875000        0.000016
      22.925000        0.000014
      22.975000        0.000010
      23.025000        0.000024
      23.075000        0.000030
      23.125000        0.000023
      23.175000        0.000033
      23.225000        0.000049
      23.275000        0.000061
      23.325000        0.000044
      23.375000        0.000010
      23.425000        0.000000
      23.475000        0.000000
      23.525000        0.000000
      23.575000        0.000000
      23.625000        0.000000
      23.675000        0.000000
      23.725000        0.000000
      23.775000        0.000000
      23.825000        0.000000
      23.875000        0.000000
      23.925000        0.000000
      23.975000        0.000000
      24.025000        0.000000
      24.075000        0.000000
      24.125000        0.000000
      24.175000        0.000000
      24.225000        0.000000
      24.275000        0.000000
      24.325000        0.000000
      24.375000        0.000000
      24.425000        0.000000
      24.475000        0.000000
      24.525000        0.000000
      24.575000        0.000000
      24.625000        0.000000
      24.675000        0.000000
      24.725000        0.000000
      24.775000        0.000000
      24.825000        0.000000
      24.875000        0.000000
      24.925000        0.000000
      24.975000        0.000000
      25.025000        0.000000
      25.075000        0.000000
      25.125000        0.000000
      25.175000        0.000000
      25.225000        0.000000
      25.275000        0.000000
      25.325000        0.000000
      25.375000        0.000000
      25.425000        0.000000
      25.475000        0.000000
      25.525000        0.000000
      25.575000        0.000000
      25.625000        0.000000
      25.675000        0.000000
      25.725000        0.000000
      25.775000        0.000000
      25.825000        0.000000
      25.875000        0.000000
      25.925000        0.000000
      25.975000        0.000000
      26.025000        0.000000
      26.075000        0.000000
      26.125000        0.000000
      26.175000        0.000000
      26.225000        0.000000
      26.275000        0.000000
      26.325000        0.000000
      26.375000        0.000000
      26.425000        0.000000
      26.475000        0.000000
      26.525000        0.000000
      26.575000        0.000000
      26.625000        0.000000
      26.675000        0.000000
      26.725000        0.000000
      26.775000        0.000000
      26.825000        0.000000
      26.875000        0.000000
      26.925000        0.000000
      26.975000        0.000000
      27.025000        0.000000
      27.075000        0.000000
      27.125000        0.000000
      27.175000        0.000000
      27.225000        0.000000
      27.275000        0.000000
      27.325000        0.000000
      27.375000        0.000000
      27.425000        0.000000
      27.475000        0.000000
      27.525000        0.000000
      27.575000        0.000000
      27.625000        0.000000
      27.675000        0.000000
      27.725000        0.000000
      27.775000        0.000000
      27.825000        0.000000
      27.875000        0.000000
      27.925000        0.000000
      27.975000        0.000000
      28.025000        0.000000
      28.075000        0.000000
      28.125000        0.000000
      28.175000        0.000000
      28.225000        0.000000
      28.275000        0.000000
      28.325000        0.000000
      28.375000        0.000000
      28.425000        0.000000
      28.475000        0.000000
      28.525000        0.000000
      28.575000        0.000000
      28.625000        0.000000
      28.675000        0.000000
      28.725000        0.000000
      28.775000        0.000000
      28.825000        0.000000
      28.875000        0.000000
      28.925000        0.000000
      28.975000        0.000000
      29.025000        0.000000
      29.075000        0.000000
      29.125000        0.000000
      29.175000        0.000000
      29.225000        0.000000
      29.275000        0.000000
      29.325000        0.000000
      29.375000        0.000000
      29.425000        0.000000
      29.475000        0.000000
      29.525000        0.000000
      29.575000        0.000000
      29.625000        0.000000
      29.675000        0.000000
      29.725000        0.000000
      29.775000        0.000000
      29.825000        0.000000
      29.875000        0.000000
      29.925000        0.000000
