       0.050000       20.311821
       0.100000       27.090882
       0.150000       11.856215
       0.200000       13.147781
       0.250000       12.902803
       0.300000        7.303479
       0.350000        5.359628
       0.400000        6.626007
       0.450000        6.154442
       0.500000        4.539349
       0.550000        4.339581
       0.600000        4.398436
       0.650000        4.100194
       0.700000        3.802707
       0.750000        2.921185
       0.800000        3.037646
       0.850000        3.504330
       0.900000        2.742004
       0.950000        2.669236
       1.000000        2.572051
       1.050000        2.254263
       1.100000        2.349095
       1.150000        2.438688
       1.200000        2.350302
       1.250000        2.193714
       1.300000        2.074945
       1.350000        2.004872
       1.400000        1.870259
       1.450000        1.869673
       1.500000        1.879347
       1.550000        1.892140
       1.600000        1.865628
       1.650000        1.819517
       1.700000        1.710710
       1.750000        1.699870
       1.800000        1.679221
       1.850000        1.599381
       1.900000        1.596919
       1.950000        1.514069
       2.000000        1.573316
       2.050000        1.577081
       2.100000        1.462632
       2.150000        1.536269
       2.200000        1.477336
       2.250000        1.501593
       2.300000        1.624068
       2.350000        1.442813
       2.400000        1.462674
       2.450000        1.409834
       2.500000        1.441526
       2.550000        1.544178
       2.600000        1.471408
       2.650000        1.467538
       2.700000        1.452405
       2.750000        1.505031
       2.800000        1.453425
       2.850000        1.467784
       2.900000        1.535616
       2.950000        1.441248
       3.000000        1.559986
       3.050000        1.499487
       3.100000        1.552448
       3.150000        1.647288
       3.200000        1.533451
       3.250000        1.680803
       3.300000        1.513148
       3.350000        1.619202
       3.400000        1.916593
       3.450000        1.797005
       3.500000        1.763849
       3.550000        1.743627
       3.600000        1.883706
       3.650000        2.062965
       3.700000        2.129575
       3.750000        2.148555
       3.800000        2.291973
       3.850000        2.469493
       3.900000        2.714700
       3.950000        3.120383
       4.000000        3.864789
       4.050000        4.267958
       4.100000        3.509665
       4.150000        2.754842
       4.200000        2.357575
       4.250000        2.030977
       4.300000        1.845188
       4.350000        1.680054
       4.400000        1.550481
       4.450000        1.421605
       4.500000        1.315456
       4.550000        1.201235
       4.600000        1.119905
       4.650000        1.061317
       4.700000        0.975641
       4.750000        0.919940
       4.800000        0.866404
       4.850000        0.846860
       4.900000        0.775298
       4.950000        0.701385
       5.000000        0.691547
       5.050000        0.646017
       5.100000        0.587250
       5.150000        0.583636
       5.200000        0.561757
       5.250000        0.545687
       5.300000        0.504534
       5.350000        0.461692
       5.400000        0.447298
       5.450000        0.419666
       5.500000        0.420285
       5.550000        0.385418
       5.600000        0.373337
       5.650000        0.378735
       5.700000        0.345046
       5.750000        0.320308
       5.800000        0.310274
       5.850000        0.300705
       5.900000        0.284933
       5.950000        0.271945
       6.000000        0.263170
       6.050000        0.253307
       6.100000        0.240693
       6.150000        0.232674
       6.200000        0.224703
       6.250000        0.216226
       6.300000        0.205920
       6.350000        0.195110
       6.400000        0.190584
       6.450000        0.186806
       6.500000        0.177722
       6.550000        0.172093
       6.600000        0.166438
       6.650000        0.158326
       6.700000        0.150036
       6.750000        0.146764
       6.800000        0.142253
       6.850000        0.132836
       6.900000        0.127814
       6.950000        0.125222
       7.000000        0.117487
       7.050000        0.116221
       7.100000        0.116500
       7.150000        0.107982
       7.200000        0.108285
       7.250000        0.105094
       7.300000        0.099942
       7.350000        0.098850
       7.400000        0.092123
       7.450000        0.090771
       7.500000        0.087323
       7.550000        0.083813
       7.600000        0.080131
       7.650000        0.075641
       7.700000        0.075657
       7.750000        0.072986
       7.800000        0.070796
       7.850000        0.070187
       7.900000        0.065347
       7.950000        0.066062
       8.000000        0.063168
       8.050000        0.060595
       8.100000        0.059305
       8.150000        0.055248
       8.200000        0.056564
       8.250000        0.053352
       8.300000        0.051126
       8.350000        0.054348
       8.400000        0.051839
       8.450000        0.050249
       8.500000        0.050377
       8.550000        0.048890
       8.600000        0.048624
       8.650000        0.045703
       8.700000        0.045806
       8.750000        0.045426
       8.800000        0.044599
       8.850000        0.044664
       8.900000        0.043540
       8.950000        0.043075
       9.000000        0.043421
       9.050000        0.042625
       9.100000        0.043423
       9.150000        0.042142
       9.200000        0.039561
       9.250000        0.040824
       9.300000        0.041112
       9.350000        0.042332
       9.400000        0.040871
       9.450000        0.039992
       9.500000        0.041433
       9.550000        0.040507
       9.600000        0.039891
       9.650000        0.040855
       9.700000        0.039769
       9.750000        0.040524
       9.800000        0.040847
       9.850000        0.040551
       9.900000        0.041402
       9.950000        0.041007
      10.000000        0.042150
      10.050000        0.042620
      10.100000        0.041997
      10.150000        0.041393
      10.200000        0.042021
      10.250000        0.043609
      10.300000        0.043713
      10.350000        0.042876
      10.400000        0.045134
      10.450000        0.045947
      10.500000        0.045643
      10.550000        0.047111
      10.600000        0.047675
      10.650000        0.048489
      10.700000        0.055676
      10.750000        0.064072
      10.800000        0.071169
      10.850000        0.679911
      10.900000        1.353365
      10.950000        1.382902
      11.000000        1.314980
      11.050000        1.257163
      11.100000        1.203147
      11.150000        1.151971
      11.200000        1.103271
      11.250000        1.050398
      11.300000        1.014926
      11.350000        0.985624
      11.400000        1.190077
      11.450000        1.450114
      11.500000        1.528424
      11.550000        1.480984
      11.600000        1.337732
      11.650000        1.258924
      11.700000        1.216825
      11.750000        1.288024
      11.800000        1.318740
      11.850000        1.277948
      11.900000        1.283563
      11.950000        1.258830
      12.000000        1.257688
      12.050000        1.254397
      12.100000        1.247267
      12.150000        1.244189
      12.200000        1.211162
      12.250000        1.222750
      12.300000        1.220102
      12.350000        1.207755
      12.400000        1.206262
      12.450000        1.238236
      12.500000        1.269337
      12.550000        1.263856
      12.600000        1.305928
      12.650000        1.376589
      12.700000        1.477515
      12.750000        1.796811
      12.800000        2.013844
      12.850000        1.984690
      12.900000        1.968704
      12.950000        1.999503
      13.000000        2.031739
      13.050000        1.979875
      13.100000        2.011216
      13.150000        2.009655
      13.200000        1.915878
      13.250000        1.971522
      13.300000        2.111806
      13.350000        2.207116
      13.400000        2.237185
      13.450000        2.258981
      13.500000        2.280481
      13.550000        2.290351
      13.600000        2.419678
      13.650000        2.551406
      13.700000        2.700140
      13.750000        2.937204
      13.800000        3.271681
      13.850000        4.050044
      13.900000        4.131382
      13.950000        3.446533
      14.000000        3.091284
      14.050000        2.863827
      14.100000        2.772464
      14.150000        2.682009
      14.200000        2.601378
      14.250000        2.598529
      14.300000        2.628903
      14.350000        2.659527
      14.400000        2.765519
      14.450000        3.170642
      14.500000        3.278717
      14.550000        2.874936
      14.600000        2.500564
      14.650000        2.352917
      14.700000        2.127284
      14.750000        1.663351
      14.800000        1.419812
      14.850000        1.349280
      14.900000        1.196231
      14.950000        1.089422
      15.000000        1.067633
      15.050000        0.993124
      15.100000        0.955026
      15.150000        0.974162
      15.200000        0.954193
      15.250000        0.903510
      15.300000        0.906550
      15.350000        0.890054
      15.400000        0.840197
      15.450000        0.844144
      15.500000        0.809026
      15.550000        0.875360
      15.600000        1.057892
      15.650000        1.055577
      15.700000        1.020972
      15.750000        1.029536
      15.800000        1.003538
      15.850000        1.032550
      15.900000        0.979223
      15.950000        0.969700
      16.000000        0.985277
      16.050000        0.958033
      16.100000        0.922834
      16.150000        0.891272
      16.200000        0.877789
      16.250000        0.844918
      16.300000        0.878280
      16.350000        0.812563
      16.400000        0.778547
      16.450000        0.791289
      16.500000        0.781161
      16.550000        0.758246
      16.600000        0.730863
      16.650000        0.708975
      16.700000        0.682231
      16.750000        0.676007
      16.800000        0.678482
      16.850000        0.697569
      16.900000        0.872919
      16.950000        1.055702
      17.000000        1.076142
      17.050000        1.058239
      17.100000        1.038339
      17.150000        1.007375
      17.200000        0.964022
      17.250000        0.929460
      17.300000        0.897309
      17.350000        0.858788
      17.400000        0.841461
      17.450000        0.820758
      17.500000        0.784622
      17.550000        0.758785
      17.600000        0.746786
      17.650000        0.741249
      17.700000        0.682422
      17.750000        0.649222
      17.800000        0.628358
      17.850000        0.642182
      17.900000        0.626388
      17.950000        0.626903
      18.000000        0.634519
      18.050000        0.579176
      18.100000        0.496290
      18.150000        0.494410
      18.200000        0.538628
      18.250000        0.510740
      18.300000        0.489921
      18.350000        0.482443
      18.400000        0.474715
      18.450000        0.462229
      18.500000        0.470217
      18.550000        0.443879
      18.600000        0.446315
      18.650000        0.452181
      18.700000        0.420293
      18.750000        0.433790
      18.800000        0.426578
      18.850000        0.418853
      18.900000        0.401833
      18.950000        0.407544
      19.000000        0.407062
      19.050000        0.388629
      19.100000        0.379345
      19.150000        0.361034
      19.200000        0.371440
      19.250000        0.368428
      19.300000        0.347680
      19.350000        0.343336
      19.400000        0.353454
      19.450000        0.342565
      19.500000        0.338141
      19.550000        0.338051
      19.600000        0.323739
      19.650000        0.337425
      19.700000        0.329875
      19.750000        0.327403
      19.800000        0.323191
      19.850000        0.325078
      19.900000        0.323060
      19.950000        0.310651
