#         noname          noname
   0.02500000               0
   0.07500000               0
   0.12500000               0
   0.17500000               0
   0.22500000               0
   0.27500000               0
   0.32500000               0
   0.37500000               0
   0.42500000               0
   0.47500000               0
   0.52500000               0
   0.57500000               0
   0.62500000               0
   0.67500000               0
   0.72500000               0
   0.77500000               0
   0.82500000               0
   0.87500000               0
   0.92500000               0
   0.97500000               0
   1.02500000               0
   1.07500000               0
   1.12500000               0
   1.17500000               0
   1.22500000               0
   1.27500000               0
   1.32500000               0
   1.37500000               0
   1.42500000               0
   1.47500000               0
   1.52500000               0
   1.57500000               0
   1.62500000               0
   1.67500000               0
   1.72500000               0
   1.77500000               0
   1.82500000               0
   1.87500000               0
   1.92500000               0
   1.97500000               0
   2.02500000     3.99951e-08
   2.07500000     6.99168e-07
   2.12500000     8.28989e-06
   2.17500000     7.66554e-05
   2.22500000     0.000565155
   2.27500000       0.0033549
   2.32500000       0.0161931
   2.37500000       0.0642765
   2.42500000        0.212621
   2.47500000        0.594659
   2.52500000         1.42606
   2.57500000         2.96686
   2.62500000         5.39994
   2.67500000         8.65631
   2.72500000         12.3372
   2.77500000         15.9043
   2.82500000         19.0424
   2.87500000         21.8021
   2.92500000         24.3327
   2.97500000         26.5473
   3.02500000         28.0997
   3.07500000          28.645
   3.12500000         28.1645
   3.17500000         27.1637
   3.22500000         26.5418
   3.27500000         27.1208
   3.32500000         29.1672
   3.37500000         32.2918
   3.42500000         35.8099
   3.47500000           39.29
   3.52500000         42.9309
   3.57500000         47.4788
   3.62500000         53.5136
   3.67500000         60.4835
   3.72500000         66.4891
   3.77500000         69.2209
   3.82500000         67.1602
   3.87500000         60.2227
   3.92500000         49.9917
   3.97500000         39.4862
   4.02500000         31.9093
   4.07500000          28.857
   4.12500000         29.5289
   4.17500000         31.5906
   4.22500000         32.7587
   4.27500000         31.8718
   4.32500000         29.0491
   4.37500000         25.2947
   4.42500000         21.9068
   4.47500000            19.8
   4.52500000         19.0303
   4.57500000         18.9665
   4.62500000         19.0047
   4.67500000         19.0738
   4.72500000         19.4484
   4.77500000         20.1965
   4.82500000         20.9126
   4.87500000         20.9852
   4.92500000         20.0717
   4.97500000         18.3074
   5.02500000         16.1416
   5.07500000         14.0478
   5.12500000         12.3225
   5.17500000         11.0333
   5.22500000            10.1
   5.27500000         9.42976
   5.32500000         8.99933
   5.37500000         8.85875
   5.42500000         9.09218
   5.47500000         9.74656
   5.52500000         10.7242
   5.57500000         11.7111
   5.62500000         12.2687
   5.67500000         12.0812
   5.72500000         11.1468
   5.77500000          9.7392
   5.82500000         8.21376
   5.87500000         6.84614
   5.92500000         5.77739
   5.97500000         5.03294
   6.02500000         4.57492
   6.07500000         4.36322
   6.12500000         4.40091
   6.17500000         4.73713
   6.22500000         5.39645
   6.27500000         6.25613
   6.32500000         7.00704
   6.37500000         7.31572
   6.42500000         7.06324
   6.47500000         6.40038
   6.52500000         5.58287
   6.57500000         4.80521
   6.62500000         4.17004
   6.67500000         3.72189
   6.72500000          3.4634
   6.77500000         3.36102
   6.82500000         3.35917
   6.87500000         3.40373
   6.92500000         3.47536
   6.97500000         3.61029
   7.02500000          3.8705
   7.07500000         4.26809
   7.12500000         4.70786
   7.17500000         5.01284
   7.22500000         5.02737
   7.27500000         4.71617
   7.32500000         4.17906
   7.37500000         3.58066
   7.42500000         3.06342
   7.47500000          2.7002
   7.52500000         2.49239
   7.57500000          2.3985
   7.62500000         2.37522
   7.67500000         2.40268
   7.72500000          2.4762
   7.77500000         2.58456
   7.82500000         2.70652
   7.87500000         2.82526
   7.92500000         2.93328
   7.97500000         3.01905
   8.02500000         3.05749
   8.07500000         3.02038
   8.12500000         2.89399
   8.17500000         2.68737
   8.22500000         2.43112
   8.27500000         2.17073
   8.32500000         1.95174
   8.37500000         1.80075
   8.42500000         1.71555
   8.47500000         1.67367
   8.52500000         1.65432
   8.57500000         1.65584
   8.62500000         1.69105
   8.67500000         1.76465
   8.72500000         1.85807
   8.77500000         1.93823
   8.82500000          1.9779
   8.87500000         1.96552
   8.92500000         1.90065
   8.97500000         1.78723
   9.02500000         1.63555
   9.07500000          1.4698
   9.12500000         1.32567
   9.17500000          1.2305
   9.22500000         1.18602
   9.27500000         1.17696
   9.32500000         1.19141
   9.37500000         1.22238
   9.42500000         1.25606
   9.47500000         1.27448
   9.52500000         1.27133
   9.57500000          1.2556
   9.62500000         1.23836
   9.67500000         1.22263
   9.72500000         1.20754
   9.77500000           1.194
   9.82500000         1.17955
   9.87500000          1.1526
   9.92500000          1.1014
   9.97500000         1.02982
  10.02500000        0.957859
  10.07500000        0.904988
  10.12500000         0.87707
  10.17500000        0.869729
  10.22500000         0.87787
  10.27500000        0.897125
  10.32500000        0.919201
  10.37500000        0.932707
  10.42500000        0.931023
  10.47500000        0.917109
  10.52500000        0.899689
  10.57500000        0.886121
  10.62500000        0.877961
  10.67500000        0.870357
  10.72500000        0.854943
  10.77500000        0.825257
  10.82500000        0.781529
  10.87500000        0.731468
  10.92500000        0.686131
  10.97500000        0.653665
  11.02500000        0.636131
  11.07500000         0.63182
  11.12500000        0.639076
  11.17500000        0.656669
  11.22500000        0.681364
  11.27500000         0.70664
  11.32500000        0.724304
  11.37500000        0.728123
  11.42500000        0.717552
  11.47500000        0.698723
  11.52500000        0.680532
  11.57500000        0.667852
  11.62500000        0.657884
  11.67500000        0.643315
  11.72500000        0.619054
  11.77500000        0.586202
  11.82500000        0.550705
  11.87500000        0.519237
  11.92500000         0.49623
  11.97500000        0.483971
  12.02500000        0.483931
  12.07500000        0.495767
  12.12500000        0.514788
  12.17500000        0.533275
  12.22500000        0.546118
  12.27500000        0.554016
  12.32500000        0.560101
  12.37500000        0.563603
  12.42500000        0.557567
  12.47500000        0.534972
  12.52500000        0.498242
  12.57500000        0.459904
  12.62500000          0.4316
  12.67500000        0.414662
  12.72500000        0.403298
  12.77500000        0.394353
  12.82500000        0.390644
  12.87500000        0.395369
  12.92500000        0.406651
  12.97500000         0.41933
  13.02500000         0.43016
  13.07500000        0.438678
  13.12500000        0.443804
  13.17500000         0.44285
  13.22500000        0.435151
  13.27500000        0.424877
  13.32500000        0.418366
  13.37500000        0.418277
  13.42500000        0.420941
  13.47500000        0.419829
  13.52500000        0.411049
  13.57500000        0.394983
  13.62500000        0.373979
  13.67500000        0.350655
  13.72500000        0.328598
  13.77500000        0.312588
  13.82500000        0.306445
  13.87500000        0.310715
  13.92500000        0.322612
  13.97500000        0.337361
  14.02500000        0.349478
  14.07500000        0.354559
  14.12500000        0.351644
  14.17500000        0.343964
  14.22500000        0.336586
  14.27500000        0.332833
  14.32500000        0.332771
  14.37500000        0.334817
  14.42500000        0.337964
  14.47500000        0.341651
  14.52500000        0.344043
  14.57500000        0.342243
  14.62500000        0.335072
  14.67500000         0.32478
  14.72500000        0.315013
  14.77500000        0.307302
  14.82500000        0.300328
  14.87500000        0.292594
  14.92500000        0.284755
  14.97500000        0.278593
  15.02500000        0.274508
  15.07500000        0.271137
  15.12500000        0.267204
  15.17500000        0.262961
  15.22500000        0.259998
  15.27500000        0.260037
  15.32500000        0.263438
  15.37500000          0.2685
  15.42500000        0.272597
  15.47500000        0.274283
  15.52500000        0.274033
  15.57500000        0.272861
  15.62500000        0.270568
  15.67500000        0.265478
  15.72500000         0.25569
  15.77500000        0.240848
  15.82500000        0.223238
  15.87500000        0.206995
  15.92500000        0.195397
  15.97500000        0.188659
  16.02500000        0.184718
  16.07500000        0.181979
  16.12500000        0.180656
  16.17500000          0.1815
  16.22500000        0.184001
  16.27500000        0.186458
  16.32500000        0.187563
  16.37500000         0.18739
  16.42500000        0.186972
  16.47500000        0.187227
  16.52500000        0.187978
  16.57500000        0.188018
  16.62500000        0.186666
  16.67500000        0.184742
  16.72500000        0.182997
  16.77500000        0.180313
  16.82500000        0.174926
  16.87500000        0.167043
  16.92500000        0.159149
  16.97500000        0.153821
  17.02500000         0.15168
  17.07500000        0.151084
  17.12500000        0.149356
  17.17500000        0.144505
  17.22500000        0.136412
  17.27500000        0.127023
  17.32500000        0.119388
  17.37500000        0.115705
  17.42500000        0.115705
  17.47500000         0.11714
  17.52500000        0.118113
  17.57500000        0.118756
  17.62500000        0.120476
  17.67500000        0.123691
  17.72500000        0.126545
  17.77500000        0.126072
  17.82500000        0.120791
  17.87500000        0.112085
  17.92500000        0.102901
  17.97500000       0.0953169
  18.02500000       0.0895669
  18.07500000       0.0849268
  18.12500000       0.0808323
  18.17500000        0.077313
  18.22500000       0.0749277
  18.27500000       0.0742201
  18.32500000       0.0749411
  18.37500000       0.0760416
  18.42500000       0.0766544
  18.47500000       0.0768359
  18.52500000        0.077296
  18.57500000       0.0787529
  18.62500000       0.0815073
  18.67500000       0.0850989
  18.72500000       0.0880852
  18.77500000       0.0884707
  18.82500000       0.0849688
  18.87500000       0.0781796
  18.92500000        0.070368
  18.97500000       0.0638906
  19.02500000       0.0598707
  19.07500000       0.0582148
  19.12500000       0.0583876
  19.17500000       0.0598784
  19.22500000       0.0621277
  19.27500000       0.0643998
  19.32500000       0.0659977
  19.37500000       0.0667582
  19.42500000       0.0673123
  19.47500000       0.0685476
  19.52500000       0.0706135
  19.57500000       0.0727328
  19.62500000       0.0742224
  19.67500000       0.0753892
  19.72500000       0.0770463
  19.77500000       0.0792467
  19.82500000       0.0808586
  19.87500000       0.0805959
  19.92500000       0.0783878
  19.97500000       0.0755048
  20.02500000       0.0732476
  20.07500000       0.0717042
  20.12500000       0.0699621
  20.17500000       0.0673346
  20.22500000       0.0641274
  20.27500000       0.0613957
  20.32500000       0.0602355
  20.37500000       0.0611396
  20.42500000       0.0636426
  20.47500000       0.0664576
  20.52500000       0.0681296
  20.57500000       0.0678854
  20.62500000       0.0662063
  20.67500000       0.0646315
  20.72500000       0.0646228
  20.77500000       0.0662353
  20.82500000        0.067957
  20.87500000       0.0681251
  20.92500000       0.0665146
  20.97500000       0.0643619
  21.02500000       0.0629083
  21.07500000       0.0622465
  21.12500000       0.0616285
  21.17500000       0.0605052
  21.22500000       0.0590033
  21.27500000       0.0575737
  21.32500000       0.0564194
  21.37500000       0.0553268
  21.42500000       0.0540581
  21.47500000        0.052799
  21.52500000       0.0520313
  21.57500000       0.0519812
  21.62500000       0.0523752
  21.67500000       0.0527621
  21.72500000       0.0529618
  21.77500000        0.053131
  21.82500000       0.0533694
  21.87500000       0.0533437
  21.92500000       0.0524745
  21.97500000       0.0505534
  22.02500000       0.0481171
  22.07500000        0.046196
  22.12500000       0.0456215
  22.17500000       0.0463727
  22.22500000        0.047505
  22.27500000       0.0478338
  22.32500000       0.0468393
  22.37500000       0.0449937
  22.42500000       0.0432893
  22.47500000       0.0424614
  22.52500000       0.0425561
  22.57500000       0.0430948
  22.62500000       0.0435765
  22.67500000       0.0438188
  22.72500000       0.0438869
  22.77500000       0.0438528
  22.82500000       0.0437405
  22.87500000       0.0436279
  22.92500000       0.0436281
  22.97500000       0.0436912
  23.02500000       0.0434789
  23.07500000       0.0425602
  23.12500000       0.0408393
  23.17500000       0.0387734
  23.22500000       0.0370922
  23.27500000       0.0362842
  23.32500000       0.0363302
  23.37500000       0.0368515
  23.42500000       0.0374535
  23.47500000       0.0379245
  23.52500000       0.0381484
  23.57500000       0.0379623
  23.62500000       0.0372697
  23.67500000       0.0362876
  23.72500000       0.0355033
  23.77500000       0.0353138
  23.82500000       0.0357598
  23.87500000        0.036563
  23.92500000       0.0372915
  23.97500000       0.0375083
  24.02500000       0.0369596
  24.07500000       0.0357633
  24.12500000       0.0343593
  24.17500000         0.03315
  24.22500000       0.0322007
  24.27500000       0.0313859
  24.32500000       0.0307562
  24.37500000       0.0305758
  24.42500000       0.0310025
  24.47500000       0.0318747
  24.52500000       0.0327959
  24.57500000       0.0333243
  24.62500000       0.0331505
  24.67500000       0.0322519
  24.72500000       0.0309259
  24.77500000        0.029627
  24.82500000       0.0286999
  24.87500000       0.0281951
  24.92500000       0.0278643
  24.97500000       0.0272775
  25.02500000       0.0260239
  25.07500000       0.0240191
  25.12500000       0.0217019
  25.17500000       0.0197774
  25.22500000       0.0186554
  25.27500000        0.018195
  25.32500000       0.0179851
  25.37500000       0.0177312
  25.42500000        0.017355
  25.47500000       0.0169144
  25.52500000       0.0165821
  25.57500000       0.0166252
  25.62500000       0.0172078
  25.67500000       0.0181432
  25.72500000       0.0189597
  25.77500000       0.0193151
  25.82500000       0.0192887
  25.87500000       0.0192028
  25.92500000       0.0192443
  25.97500000       0.0193488
  26.02500000       0.0193665
  26.07500000       0.0192132
  26.12500000       0.0188923
  26.17500000       0.0184998
  26.22500000       0.0182124
  26.27500000       0.0181615
  26.32500000       0.0182991
  26.37500000       0.0184569
  26.42500000       0.0185304
  26.47500000       0.0185379
  26.52500000       0.0185263
  26.57500000       0.0184998
  26.62500000       0.0184359
  26.67500000       0.0183132
  26.72500000        0.018122
  26.77500000       0.0178771
  26.82500000       0.0175956
  26.87500000       0.0172302
  26.92500000       0.0166527
  26.97500000        0.015766
  27.02500000       0.0146487
  27.07500000       0.0135634
  27.12500000       0.0127736
  27.17500000       0.0123202
  27.22500000       0.0119928
  27.27500000       0.0115631
  27.32500000       0.0110469
  27.37500000        0.010688
  27.42500000       0.0106838
  27.47500000       0.0109758
  27.52500000       0.0113144
  27.57500000       0.0114814
  27.62500000       0.0114494
  27.67500000       0.0113768
  27.72500000       0.0114515
  27.77500000       0.0117026
  27.82500000       0.0119637
  27.87500000       0.0120363
  27.92500000       0.0118758
  27.97500000       0.0116099
  28.02500000       0.0113921
  28.07500000       0.0112483
  28.12500000       0.0110694
  28.17500000       0.0107709
  28.22500000       0.0104341
  28.27500000       0.0102321
  28.32500000       0.0102187
  28.37500000         0.01026
  28.42500000       0.0102112
  28.47500000       0.0101247
  28.52500000        0.010214
  28.57500000       0.0105934
  28.62500000       0.0111099
  28.67500000       0.0114656
  28.72500000        0.011459
  28.77500000       0.0110937
  28.82500000       0.0105364
  28.87500000       0.0100213
  28.92500000      0.00973253
  28.97500000      0.00970317
  29.02500000       0.0098181
  29.07500000      0.00991999
  29.12500000      0.00990991
  29.17500000      0.00976661
  29.22500000      0.00950739
  29.27500000      0.00914924
  29.32500000       0.0087143
  29.37500000      0.00826656
  29.42500000      0.00789612
  29.47500000      0.00762528
  29.52500000      0.00735247
  29.57500000      0.00693449
  29.62500000      0.00633082
  29.67500000      0.00565404
  29.72500000      0.00508572
  29.77500000       0.0047558
  29.82500000      0.00468332
  29.87500000      0.00479349
  29.92500000      0.00497785
  29.97500000      0.00515217
