     1    1    5  0.16028842E-06  0.48064256E-06  0.59927090E-12 22.6001  2.0000
     1    2    5  0.12817977E-12  0.50220380E-12  0.17221358E+00 10.9445  2.0000
     1    3    5  0.37740790E-05  0.12635401E-05  0.54746607E-11  6.3328  2.0000
     1    4    5  0.11689793E-05  0.35141893E-05  0.33985770E-12  6.2602  2.0000
     2    1    5  0.20117615E-06  0.32613491E-05  0.73185369E-11 22.6489  2.0000
     2    2    5  0.38667204E-13  0.24959975E-12  0.17256788E+00 10.9634  2.0000
     2    3    5  0.49529883E-05  0.47536619E-05  0.11727834E-11  7.0340  2.0000
     2    4    5  0.25437322E-04  0.14113912E-05  0.25508432E-11  6.7252  2.0000
     3    1    5  0.31155662E-06  0.10654916E-04  0.29849454E-11 22.7384  2.0000
     3    2    5  0.40234318E-13  0.60814020E-11  0.17321439E+00 11.0006  2.0000
     3    3    5  0.39224259E-05  0.97156146E-07  0.12199972E-11  8.2179  2.0000
     3    4    5  0.10469442E-03  0.11510981E-07  0.57197844E-12  7.4981  2.0000
     4    1    5  0.48836303E-06  0.25882042E-04  0.13858472E-11 22.8665  2.0000
     4    2    5  0.46055349E-12  0.33041637E-11  0.17409676E+00 11.0531  2.0000
     4    3    5  0.25478022E-05  0.73407877E-05  0.14783150E-10  9.7601  2.0000
     4    4    5  0.29005789E-03  0.37259600E-06  0.45259849E-11  8.4902  2.0000
     5    1    5  0.76056762E-06  0.53377675E-04  0.20195142E-10 23.0372  2.0000
     5    2    5  0.14016904E-05  0.27450856E-04  0.82492487E-11 11.5794  2.0000
     5    3    5  0.35001271E-13  0.27850783E-11  0.17512065E+00 11.1332  2.0000
     5    4    5  0.71939896E-03  0.85072986E-06  0.19789848E-12  9.6326  2.0000
     6    1    5  0.11940905E-05  0.97048744E-04  0.60838893E-10 23.2486  2.0000
     6    2    5  0.79811573E-06  0.40517495E-04  0.78127501E-08 13.5990  2.0000
     6    3    5  0.51965616E-11  0.73950048E-09  0.17602077E+00 11.2408  2.0000
     6    4    5  0.18801442E-02  0.80982721E-06  0.26812518E-10 10.8867  2.0000
     7    1    5  0.33673526E-13  0.80744710E-11  0.26460599E-02 22.4080  2.0000
     7    2    5  0.23844954E-11  0.28965892E-10  0.21167428E+00 14.6742  2.0000
     7    3    5  0.52274808E-08  0.11390646E-12  0.48787739E-03 11.1198  2.0000
     7    4    5  0.95228654E-04  0.39929309E-01  0.37054036E-08 10.2955  2.0000
     8    1    5  0.77440247E-13  0.11467702E-10  0.60517521E-02 20.3128  2.0000
     8    2    5  0.53601602E-12  0.49723489E-10  0.22570449E+00 14.5646  2.0000
     8    3    5  0.37675514E-08  0.39867999E-12  0.47826069E-03 10.1042  2.0000
     8    4    5  0.86267967E-04  0.78909690E-01  0.27894442E-12  8.1162  2.0000
     9    1    5  0.27387857E-14  0.54181252E-12  0.13283531E-01 18.2578  2.0000
     9    2    5  0.69468286E-13  0.30983923E-11  0.22939068E+00 14.5217  2.0000
     9    3    5  0.17944421E-09  0.15165045E-13  0.46549369E-03  9.1310  2.0000
     9    4    5  0.63708928E-04  0.16162453E+00  0.47124997E-13  6.0557  2.0000
    10    1    5  0.22967498E-11  0.13083020E-11  0.23129870E-01 16.4688  2.0000
    10    2    5  0.11031020E-12  0.10942157E-11  0.22595260E+00 14.6864  2.0000
    10    3    5  0.41678482E-09  0.49309765E-11  0.47362099E-03  8.3598  2.0000
    10    4    5  0.21574113E-04  0.31844995E+00  0.10054642E-10  4.4672  2.0000
    11    1    5  0.22155968E-11  0.11255982E-11  0.96906898E-02 15.8695  2.0000
    11    2    5  0.14530936E-11  0.19406172E-11  0.24080186E+00 14.8818  2.0000
    11    3    5  0.56837788E-09  0.99075112E-11  0.47983779E-03  8.1687  2.0000
    11    4    5  0.28809065E-05  0.38862201E+00  0.83907006E-11  4.0676  2.0000
    12    1    5  0.22228631E-13  0.10420411E-11  0.18997963E-01 17.3047  2.0000
    12    2    5  0.29805126E-12  0.72268478E-11  0.22741132E+00 14.5681  2.0000
    12    3    5  0.35229252E-09  0.20404270E-12  0.46940600E-03  8.6985  2.0000
    12    4    5  0.44957870E-04  0.23169590E+00  0.93932379E-11  5.1654  2.0000
    13    1    5  0.41040105E-14  0.13646351E-11  0.89986971E-02 19.2703  2.0000
    13    2    5  0.15555621E-12  0.90915911E-11  0.22880319E+00 14.5270  2.0000
    13    3    5  0.43879353E-09  0.60301723E-13  0.46708595E-03  9.6054  2.0000
    13    4    5  0.77307342E-04  0.11242973E+00  0.13666727E-11  7.0556  2.0000
    14    1    5  0.17204115E-14  0.25157569E-11  0.40284226E-02 21.3638  2.0000
    14    2    5  0.10398691E-12  0.73521964E-11  0.22013526E+00 14.6161  2.0000
    14    3    5  0.71898157E-09  0.38256345E-13  0.48378250E-03 10.6159  2.0000
    14    4    5  0.92674965E-04  0.55886136E-01  0.18176684E-11  9.2040  2.0000
    15    1    5  0.13982545E-09  0.11266808E-07  0.15863856E-02 23.4224  2.0000
    15    2    5  0.44232520E-10  0.39090171E-08  0.19475659E+00 14.7195  2.0000
    15    3    5  0.32590148E-06  0.86215641E-10  0.44263562E-03 11.5953  2.0000
    15    4    5  0.88256831E-04  0.28351953E-01  0.16493835E-04 11.3618  2.0000
    16    1    5  0.95289181E-06  0.73151332E-04  0.58166176E-12 23.1376  2.0000
    16    2    5  0.10588581E-05  0.36585411E-04  0.12241103E-08 12.5676  2.0000
    16    3    5  0.12291127E-11  0.20586607E-09  0.17560384E+00 11.1825  2.0000
    16    4    5  0.11354451E-02  0.90356402E-06  0.10709063E-10 10.2515  2.0000
    17    1    5  0.61293084E-06  0.37793551E-04  0.97814470E-11 22.9469  2.0000
    17    2    5  0.20730144E-13  0.77580187E-10  0.17459617E+00 11.0900  2.0000
    17    3    5  0.19444574E-05  0.16551283E-04  0.63816557E-09 10.6417  2.0000
    17    4    5  0.46010258E-03  0.63755234E-06  0.65206003E-12  9.0472  2.0000
    18    1    5  0.39007306E-06  0.17055353E-04  0.10186403E-10 22.7974  2.0000
    18    2    5  0.25467542E-12  0.41595892E-11  0.17363351E+00 11.0241  2.0000
    18    3    5  0.32873165E-05  0.13796390E-05  0.32920541E-10  8.9500  2.0000
    18    4    5  0.17901816E-03  0.96531141E-07  0.88400710E-11  7.9702  2.0000
    19    1    5  0.25104935E-06  0.61898591E-05  0.67463694E-12 22.6885  2.0000
    19    2    5  0.68550827E-13  0.12784675E-11  0.17285610E+00 10.9799  2.0000
    19    3    5  0.45763112E-05  0.22810348E-05  0.70386391E-11  7.5729  2.0000
    19    4    5  0.55988416E-04  0.40054276E-06  0.85827287E-14  7.0785  2.0000
    20    1    5  0.17578612E-06  0.14706244E-05  0.29051819E-11 22.6193  2.0000
    20    2    5  0.23785296E-12  0.12241798E-11  0.17234466E+00 10.9517  2.0000
    20    3    5  0.45991257E-05  0.44513130E-05  0.72066665E-12  6.6108  2.0000
    20    4    5  0.88112835E-05  0.26393565E-05  0.30021703E-12  6.4499  2.0000
    21    1    5  0.15134321E-06  0.51206590E-07  0.35939291E-12 22.5902  2.0000
    21    2    5  0.10973625E-12  0.60158840E-13  0.17210345E+00 10.9405  2.0000
    21    3    5  0.11671208E-05  0.40007326E-06  0.15102264E-11  6.1894  2.0000
    21    4    5  0.45648607E-06  0.13344254E-05  0.54531191E-11  6.1636  2.0000
    22    1    5  0.23738171E-05  0.71202891E-05  0.14578833E-10 22.7188  2.0000
    22    2    5  0.19354090E-11  0.30155188E-11  0.17305677E+00 10.9923  2.0000
    22    3    5  0.20150163E-04  0.67159079E-05  0.18728142E-10  7.9149  2.0000
    22    4    5  0.33446799E-05  0.99737450E-05  0.95438121E-11  7.3981  2.0000
    23    1    5  0.35365938E-05  0.19695672E-04  0.24627467E-14 22.8280  2.0000
    23    2    5  0.27945193E-11  0.16482180E-10  0.17385274E+00 11.0386  2.0000
    23    3    5  0.20585727E-04  0.63292643E-06  0.12323540E-10  9.1923  2.0000
    23    4    5  0.50072905E-04  0.31162659E-12  0.34771298E-10  8.3408  2.0000
    24    1    5  0.54206401E-05  0.44052935E-04  0.23876298E-10 22.9777  2.0000
    24    2    5  0.99701543E-12  0.39033943E-11  0.17480928E+00 11.1047  2.0000
    24    3    5  0.13488770E-04  0.67846108E-05  0.66607700E-11 10.8097  2.0000
    24    4    5  0.18814032E-03  0.40629981E-05  0.79946293E-11  9.4539  2.0000
    25    1    5  0.83326119E-05  0.87017745E-04  0.50620180E-11 23.1694  2.0000
    25    2    5  0.68580449E-05  0.30245938E-04  0.36099715E-09 12.6862  2.0000
    25    3    5  0.29416283E-11  0.40083370E-10  0.17585807E+00 11.1984  2.0000
    25    4    5  0.52288931E-03  0.73747530E-05  0.13880593E-10 10.6830  2.0000
    26    1    5  0.89882605E-10  0.12080934E-08  0.13226922E-02 23.2736  2.0000
    26    2    5  0.29788567E-10  0.36856177E-09  0.19776875E+00 14.6249  2.0000
    26    3    5  0.10138628E-07  0.58480399E-10  0.37608486E-02 11.8643  2.0000
    26    4    5  0.93023727E-03  0.25095232E-01  0.14123851E-05 11.1975  2.0000
    27    1    5  0.62741220E-13  0.24452894E-11  0.34651440E-02 21.2364  2.0000
    27    2    5  0.14429383E-11  0.90476690E-11  0.21781328E+00 14.5208  2.0000
    27    3    5  0.76123203E-09  0.57372380E-12  0.41258117E-02 10.9122  2.0000
    27    4    5  0.92953408E-03  0.50787992E-01  0.44509515E-10  9.0624  2.0000
    28    1    5  0.33461144E-12  0.68423589E-11  0.80509194E-02 19.1636  2.0000
    28    2    5  0.15758132E-11  0.61701022E-10  0.22641245E+00 14.4390  2.0000
    28    3    5  0.25897145E-08  0.11146933E-11  0.41021745E-02  9.9246  2.0000
    28    4    5  0.77570155E-03  0.10471731E+00  0.45804186E-12  6.9316  2.0000
    29    1    5  0.13990625E-12  0.43606978E-13  0.17672319E-01 17.2138  2.0000
    29    2    5  0.57882287E-12  0.51590442E-11  0.22533053E+00 14.4836  2.0000
    29    3    5  0.10582633E-09  0.18014937E-11  0.40971948E-02  9.0279  2.0000
    29    4    5  0.45099632E-03  0.22111335E+00  0.33715843E-11  5.0509  2.0000
    30    1    5  0.16064542E-11  0.62536147E-12  0.92134757E-02 15.7855  2.0000
    30    2    5  0.16832056E-12  0.22777626E-12  0.23782820E+00 14.7971  2.0000
    30    3    5  0.17590087E-09  0.30936400E-11  0.42278182E-02  8.5043  2.0000
    30    4    5  0.29542155E-04  0.37833324E+00  0.19650877E-11  3.9510  2.0000
    31    1    5  0.49326377E-13  0.39390758E-12  0.21772814E-01 16.3807  2.0000
    31    2    5  0.98676534E-14  0.22025828E-11  0.22385484E+00 14.6066  2.0000
    31    3    5  0.14139642E-09  0.27440128E-11  0.41599380E-02  8.6932  2.0000
    31    4    5  0.21902948E-03  0.30730386E+00  0.17352934E-10  4.3504  2.0000
    32    1    5  0.10099583E-12  0.91251550E-12  0.12139399E-01 18.1597  2.0000
    32    2    5  0.45397320E-12  0.84525354E-11  0.22717851E+00 14.4384  2.0000
    32    3    5  0.37411205E-09  0.22323037E-12  0.40680219E-02  9.4565  2.0000
    32    4    5  0.63937406E-03  0.15244172E+00  0.15402850E-11  5.9376  2.0000
    33    1    5  0.23869383E-12  0.67846882E-11  0.53053327E-02 20.1967  2.0000
    33    2    5  0.32766392E-11  0.35442160E-10  0.22324439E+00 14.4719  2.0000
    33    3    5  0.20272553E-08  0.98998188E-12  0.41165890E-02 10.4166  2.0000
    33    4    5  0.86876961E-03  0.72619539E-01  0.31661458E-12  7.9848  2.0000
    34    1    5  0.45617187E-13  0.63905855E-12  0.22156635E-02 22.2646  2.0000
    34    2    5  0.19304868E-11  0.16007578E-11  0.21003680E+00 14.5739  2.0000
    34    3    5  0.44538874E-09  0.63190505E-13  0.40642245E-02 11.3964  2.0000
    34    4    5  0.95910106E-03  0.35687324E-01  0.37893144E-09 10.1371  2.0000
    35    1    5  0.10366022E-04  0.11773278E-03  0.11606745E-10 23.2803  2.0000
    35    2    5  0.47057946E-05  0.40786723E-04  0.62468825E-08 13.6990  2.0000
    35    3    5  0.87307935E-03  0.71954969E-05  0.30269920E-09 11.3274  2.0000
    35    4    5  0.62382727E-10  0.33223186E-09  0.17630678E+00 11.2570  2.0000
    36    1    5  0.67284356E-05  0.62652140E-04  0.13921441E-10 23.0681  2.0000
    36    2    5  0.96227892E-05  0.17704641E-04  0.19481964E-09 11.7179  2.0000
    36    3    5  0.52997109E-11  0.81909786E-12  0.17532731E+00 11.1482  2.0000
    36    4    5  0.31688001E-03  0.64450276E-05  0.12179441E-10 10.0571  2.0000
    37    1    5  0.43738231E-05  0.30070488E-04  0.88760187E-12 22.8979  2.0000
    37    2    5  0.18086546E-12  0.12473202E-10  0.17430462E+00 11.0687  2.0000
    37    3    5  0.17256067E-04  0.72847040E-06  0.10897736E-09  9.9653  2.0000
    37    4    5  0.10378140E-03  0.14057496E-05  0.25477171E-11  8.8801  2.0000
    38    1    5  0.28838414E-05  0.12297808E-04  0.69275818E-12 22.7679  2.0000
    38    2    5  0.38564651E-11  0.13225765E-10  0.17343926E+00 11.0118  2.0000
    38    3    5  0.21740007E-04  0.41148260E-05  0.64670725E-12  8.5078  2.0000
    38    4    5  0.17682315E-04  0.22997158E-05  0.23305479E-10  7.8399  2.0000
    39    1    5  0.20239653E-05  0.37531492E-05  0.76020715E-12 22.6786  2.0000
    39    2    5  0.67929856E-14  0.23709746E-13  0.17278708E+00 10.9756  2.0000
    39    3    5  0.14969726E-04  0.48089232E-05  0.65057271E-12  7.4191  2.0000
    39    4    5  0.11960431E-07  0.19806933E-04  0.12740141E-11  7.0159  2.0000
    40    1    5  0.16494400E-05  0.54920502E-06  0.11904044E-11 22.6295  2.0000
    40    2    5  0.47890929E-12  0.16089476E-12  0.17242152E+00 10.9557  2.0000
    40    3    5  0.39716887E-05  0.13168008E-05  0.11902485E-11  6.7623  2.0000
    40    4    5  0.57376203E-05  0.17260051E-04  0.18623611E-12  6.5397  2.0000
    41    1    5  0.12255089E-04  0.36729925E-04  0.33374905E-12 22.9578  2.0000
    41    2    5  0.27696321E-10  0.57195381E-10  0.17470080E+00 11.0971  2.0000
    41    3    5  0.16386675E-04  0.54689329E-05  0.38789081E-09 10.4721  2.0000
    41    4    5  0.28436753E-06  0.81059986E-06  0.11742063E-09  9.4840  2.0000
    42    1    5  0.18477864E-04  0.77956996E-04  0.52573098E-13 23.1294  2.0000
    42    2    5  0.13547269E-04  0.17952934E-05  0.20061342E-11 12.0584  2.0000
    42    3    5  0.97584254E-12  0.53630291E-11  0.17574124E+00 11.1768  2.0000
    42    4    5  0.37558863E-04  0.81926229E-05  0.34139279E-11 10.7730  2.0000
    43    1    5  0.28163206E-04  0.15102828E-03  0.16010268E-09 23.3425  2.0000
    43    2    5  0.59621735E-05  0.26682479E-04  0.10118738E-06 13.9256  2.0000
    43    3    5  0.17649466E-03  0.16874813E-04  0.42372227E-08 12.1092  2.0000
    43    4    5  0.19224848E-08  0.57905878E-08  0.17677330E+00 11.2884  2.0000
    44    1    5  0.10141570E-12  0.26059010E-11  0.14092173E-02 21.9630  2.0000
    44    2    5  0.16783236E-10  0.10450337E-10  0.20842731E+00 14.3727  2.0000
    44    3    5  0.94615589E-09  0.19351657E-11  0.90380820E-02 11.8502  2.0000
    44    4    5  0.32692550E-02  0.27457455E-01  0.31930679E-09  9.8043  2.0000
    45    1    5  0.46076541E-12  0.23538588E-11  0.38944773E-02 19.9480  2.0000
    45    2    5  0.42067425E-11  0.31085938E-10  0.21931840E+00 14.2829  2.0000
    45    3    5  0.98117088E-09  0.11126818E-11  0.10217726E-01 10.9396  2.0000
    45    4    5  0.29594036E-02  0.60136811E-01  0.59727092E-12  7.7044  2.0000
    46    1    5  0.16582683E-12  0.14486189E-12  0.99037714E-02 17.9511  2.0000
    46    2    5  0.14775562E-11  0.10718655E-10  0.22305284E+00 14.2590  2.0000
    46    3    5  0.15518873E-09  0.92310095E-12  0.10634060E-01 10.0206  2.0000
    46    4    5  0.22117822E-02  0.13382516E+00  0.11655664E-10  5.6906  2.0000
    47    1    5  0.35612114E-11  0.71438276E-13  0.19173852E-01 16.1891  2.0000
    47    2    5  0.39803105E-13  0.12216443E-11  0.21956387E+00 14.4263  2.0000
    47    3    5  0.53441457E-10  0.32839232E-11  0.11155934E-01  9.2707  2.0000
    47    4    5  0.77569685E-03  0.28426873E+00  0.33559341E-11  4.1058  2.0000
    48    1    5  0.12524441E-11  0.24593928E-11  0.82158205E-02 15.5987  2.0000
    48    2    5  0.11654276E-12  0.16007188E-11  0.23173186E+00 14.6087  2.0000
    48    3    5  0.24879005E-10  0.12115819E-11  0.11400030E-01  9.0816  2.0000
    48    4    5  0.10532924E-03  0.35628947E+00  0.32687328E-10  3.7036  2.0000
    49    1    5  0.11642104E-11  0.49609302E-13  0.15004446E-01 17.0165  2.0000
    49    2    5  0.48133370E-11  0.28358118E-11  0.22132485E+00 14.3053  2.0000
    49    3    5  0.28567158E-09  0.87140102E-11  0.10878228E-01  9.6056  2.0000
    49    4    5  0.15805163E-02  0.19921594E+00  0.12847890E-10  4.8080  2.0000
    50    1    5  0.83539084E-13  0.10214936E-12  0.62633680E-02 18.9374  2.0000
    50    2    5  0.23567734E-12  0.37253534E-11  0.22229333E+00 14.2563  2.0000
    50    3    5  0.73194417E-10  0.39474983E-13  0.10439719E-01 10.4733  2.0000
    50    4    5  0.26566625E-02  0.89452036E-01  0.96304492E-12  6.6709  2.0000
    51    1    5  0.73937348E-13  0.11375673E-11  0.23901851E-02 20.9624  2.0000
    51    2    5  0.49575326E-11  0.88120911E-11  0.21462893E+00 14.3253  2.0000
    51    3    5  0.37937379E-09  0.10268243E-11  0.97990897E-02 11.4026  2.0000
    51    4    5  0.31547279E-02  0.40719379E-01  0.83901670E-11  8.7569  2.0000
    52    1    5  0.29422823E-11  0.17756134E-10  0.77046965E-03 22.9410  2.0000
    52    2    5  0.21474999E-10  0.97912234E-12  0.20073426E+00 14.4210  2.0000
    52    3    5  0.36856652E-09  0.53476592E-12  0.77414864E-02 12.2696  2.0000
    52    4    5  0.32856642E-02  0.18346566E-01  0.27362458E-07 10.8325  2.0000
    53    1    5  0.22795047E-04  0.10937478E-03  0.21432717E-11 23.2309  2.0000
    53    2    5  0.95995882E-05  0.11478978E-04  0.26088682E-08 12.9609  2.0000
    53    3    5  0.88502446E-04  0.14047294E-04  0.60983348E-10 11.4372  2.0000
    53    4    5  0.41801418E-10  0.23558976E-09  0.17627728E+00 11.2285  2.0000
    54    1    5  0.14998319E-04  0.54204110E-04  0.89897725E-12 23.0381  2.0000
    54    2    5  0.16381797E-04  0.41780549E-06  0.11032837E-10 11.2253  2.0000
    54    3    5  0.11675325E-10  0.25184221E-10  0.17520750E+00 11.1333  2.0000
    54    4    5  0.10287513E-04  0.17457674E-05  0.32264690E-10 10.1198  2.0000
    55    1    5  0.10083615E-04  0.23973001E-04  0.16161808E-12 22.8874  2.0000
    55    2    5  0.71957269E-11  0.93088076E-11  0.17425146E+00 11.0635  2.0000
    55    3    5  0.13276370E-04  0.11218156E-04  0.32233034E-10  9.7927  2.0000
    55    4    5  0.30738686E-05  0.12480444E-04  0.15284129E-11  8.8831  2.0000
    56    1    5  0.72577814E-05  0.85293925E-05  0.11143555E-10 22.7783  2.0000
    56    2    5  0.15987446E-11  0.23084067E-11  0.17350481E+00 11.0174  2.0000
    56    3    5  0.43568279E-05  0.85855289E-05  0.79607774E-11  8.6690  2.0000
    56    4    5  0.21478333E-04  0.65672137E-04  0.14469435E-10  7.8724  2.0000
    57    1    5  0.60164568E-05  0.20048063E-05  0.10405650E-11 22.7091  2.0000
    57    2    5  0.20082967E-11  0.70422401E-12  0.17301000E+00 10.9901  2.0000
    57    3    5  0.38579098E-06  0.12719476E-06  0.21691845E-10  7.8451  2.0000
    57    4    5  0.23378685E-04  0.70189221E-04  0.26519038E-13  7.2341  2.0000
    58    1    5  0.45397880E-04  0.13615800E-03  0.17738214E-12 23.3230  2.0000
    58    2    5  0.15327673E-05  0.51454810E-06  0.52928859E-09 13.5388  2.0000
    58    3    5  0.15584792E-05  0.46810228E-05  0.32126668E-10 12.2763  2.0000
    58    4    5  0.31485405E-10  0.51945024E-11  0.17678851E+00 11.2772  2.0000
    59    1    5  0.48336907E-12  0.14023911E-11  0.17153549E-03 22.3762  2.0000
    59    2    5  0.76379042E-11  0.57954966E-11  0.21000688E+00 14.1332  2.0000
    59    3    5  0.28452312E-10  0.37168851E-11  0.44372619E-02 12.6065  2.0000
    59    4    5  0.83618424E-02  0.98538915E-02  0.20895779E-08 10.2272  2.0000
    60    1    5  0.24964520E-12  0.19765734E-12  0.10654736E-02 20.5024  2.0000
    60    2    5  0.33426588E-11  0.43693561E-11  0.21566013E+00 14.0126  2.0000
    60    3    5  0.20810750E-09  0.12546586E-12  0.11999684E-01 11.9226  2.0000
    60    4    5  0.81047181E-02  0.26786187E-01  0.42700553E-10  8.2568  2.0000
    61    1    5  0.19774124E-12  0.11347056E-12  0.38014819E-02 18.5605  2.0000
    61    2    5  0.44026473E-12  0.10584165E-11  0.21904078E+00 13.9592  2.0000
    61    3    5  0.72412624E-10  0.90212571E-12  0.16625930E-01 11.1060  2.0000
    61    4    5  0.70326497E-02  0.66681950E-01  0.27008595E-12  6.2497  2.0000
    62    1    5  0.62010522E-12  0.22508861E-13  0.10988519E-01 16.6836  2.0000
    62    2    5  0.74995592E-13  0.57236257E-14  0.21681962E+00 14.0085  2.0000
    62    3    5  0.66861543E-11  0.22711434E-12  0.19256516E-01 10.2942  2.0000
    62    4    5  0.44061607E-02  0.16423515E+00  0.80901715E-12  4.4125  2.0000
    63    1    5  0.14896072E-11  0.44543409E-13  0.68841079E-02 15.2793  2.0000
    63    2    5  0.17389964E-12  0.65026567E-12  0.22299897E+00 14.2942  2.0000
    63    3    5  0.42581990E-11  0.15776650E-11  0.21186416E-01  9.7720  2.0000
    63    4    5  0.31754361E-03  0.32114665E+00  0.74468383E-13  3.2910  2.0000
    64    1    5  0.85480596E-13  0.78438641E-13  0.15143971E-01 15.8641  2.0000
    64    2    5  0.14661887E-11  0.51939716E-12  0.21413256E+00 14.1225  2.0000
    64    3    5  0.19330376E-10  0.74477395E-12  0.20342296E-01  9.9690  2.0000
    64    4    5  0.22488510E-02  0.24654168E+00  0.73086681E-12  3.7039  2.0000
    65    1    5  0.10518447E-11  0.70823895E-13  0.66777544E-02 17.6004  2.0000
    65    2    5  0.59766517E-11  0.29733931E-11  0.21890969E+00 13.9654  2.0000
    65    3    5  0.11731335E-09  0.10487862E-10  0.18080666E-01 10.6889  2.0000
    65    4    5  0.59764553E-02  0.10507040E+00  0.67622332E-11  5.2903  2.0000
    66    1    5  0.45316773E-12  0.20067153E-12  0.20715664E-02 19.5316  2.0000
    66    2    5  0.22830854E-11  0.10996935E-10  0.21769549E+00 13.9763  2.0000
    66    3    5  0.31243897E-09  0.42439027E-12  0.14708236E-01 11.5233  2.0000
    66    4    5  0.77086257E-02  0.42341888E-01  0.80119574E-11  7.2465  2.0000
    67    1    5  0.84333822E-13  0.20397799E-12  0.48289675E-03 21.4516  2.0000
    67    2    5  0.45204501E-11  0.22413367E-11  0.21315920E+00 14.0625  2.0000
    67    3    5  0.56191112E-10  0.48264482E-12  0.84335250E-02 12.2856  2.0000
    67    4    5  0.83150066E-02  0.16575328E-01  0.68557110E-10  9.2531  2.0000
    68    1    5  0.15594053E-09  0.48204395E-09  0.34294366E-04 23.2671  2.0000
    68    2    5  0.12298018E-09  0.48573133E-10  0.20516755E+00 14.2208  2.0000
    68    3    5  0.46896450E-09  0.56911468E-10  0.11733453E-02 12.8709  2.0000
    68    4    5  0.82453408E-02  0.55077510E-02  0.45308674E-06 11.1701  2.0000
    69    1    5  0.36936503E-04  0.96114989E-04  0.10711733E-12 23.2213  2.0000
    69    2    5  0.10984991E-05  0.67757315E-05  0.29941686E-08 12.7645  2.0000
    69    3    5  0.12331767E-04  0.24349814E-06  0.12600296E-10 11.5135  2.0000
    69    4    5  0.16030061E-09  0.21040408E-11  0.17624007E+00 11.2228  2.0000
    70    1    5  0.24948697E-04  0.44287765E-04  0.23356091E-12 23.0484  2.0000
    70    2    5  0.18856194E-07  0.20029940E-04  0.28809016E-09 11.4092  2.0000
    70    3    5  0.42787981E-10  0.40580803E-10  0.17524096E+00 11.1381  2.0000
    70    4    5  0.53451286E-04  0.56438333E-04  0.82808491E-10 10.0781  2.0000
    71    1    5  0.18218946E-04  0.17379082E-04  0.10971108E-10 22.9171  2.0000
    71    2    5  0.74665794E-11  0.20865627E-12  0.17440895E+00 11.0769  2.0000
    71    3    5  0.99222008E-06  0.14960012E-04  0.15080370E-09 10.2591  2.0000
    71    4    5  0.85661312E-04  0.17870082E-03  0.14783004E-10  8.9185  2.0000
    72    1    5  0.15493527E-04  0.51641432E-05  0.53759194E-12 22.8270  2.0000
    72    2    5  0.83616496E-11  0.28170604E-11  0.17383574E+00 11.0365  2.0000
    72    3    5  0.35132700E-05  0.11744569E-05  0.55798758E-11  9.3234  2.0000
    72    4    5  0.64680212E-04  0.19411011E-03  0.39754015E-14  8.1734  2.0000
    73    1    5  0.18987142E-12  0.64072767E-12  0.68546857E-12 20.7069  2.0000
    73    2    5  0.11878358E-10  0.93796467E-11  0.22674635E+00 13.7996  2.0000
    73    3    5  0.50097824E-10  0.44138751E-10  0.27209952E-11 12.4259  2.0000
    73    4    5  0.18335109E-01  0.61117205E-02  0.51812175E-10  8.4596  2.0000
    74    1    5  0.13100309E-12  0.20196152E-12  0.44331560E-03 18.9106  2.0000
    74    2    5  0.54863653E-11  0.22887959E-11  0.22833571E+00 13.5962  2.0000
    74    3    5  0.15917527E-10  0.13083374E-10  0.75680962E-02 11.9686  2.0000
    74    4    5  0.17883996E-01  0.22150278E-01  0.45249313E-11  6.5792  2.0000
    75    1    5  0.86138087E-12  0.26730198E-12  0.30005323E-02 17.0732  2.0000
    75    2    5  0.13151872E-11  0.49584586E-12  0.22156517E+00 13.5470  2.0000
    75    3    5  0.35603754E-10  0.52006568E-11  0.19482462E-01 11.3058  2.0000
    75    4    5  0.14935807E-01  0.67788348E-01  0.29080609E-11  4.7024  2.0000
    76    1    5  0.51624111E-12  0.84676025E-13  0.10029952E-01 15.3713  2.0000
    76    2    5  0.25653852E-13  0.41893806E-12  0.21147475E+00 13.6740  2.0000
    76    3    5  0.79925485E-12  0.11556617E-11  0.27785883E-01 10.6381  2.0000
    76    4    5  0.64061005E-02  0.19274965E+00  0.12776297E-11  3.1152  2.0000
    77    1    5  0.62027856E-12  0.16409676E-13  0.51589256E-02 14.7854  2.0000
    77    2    5  0.26671990E-13  0.10919791E-11  0.21522441E+00 13.8269  2.0000
    77    3    5  0.68535151E-12  0.42240921E-12  0.30283294E-01 10.4443  2.0000
    77    4    5  0.96311239E-03  0.27241388E+00  0.66196348E-12  2.6785  2.0000
    78    1    5  0.17990807E-11  0.78796547E-13  0.61399225E-02 16.1801  2.0000
    78    2    5  0.28341192E-11  0.50472495E-11  0.21679628E+00 13.5823  2.0000
    78    3    5  0.22350212E-11  0.50150626E-11  0.24073692E-01 10.9520  2.0000
    78    4    5  0.11583171E-01  0.11669601E+00  0.27978844E-11  3.8373  2.0000
    79    1    5  0.18309048E-14  0.18453616E-12  0.12834738E-02 17.9907  2.0000
    79    2    5  0.58583521E-12  0.69546163E-11  0.22527595E+00 13.5548  2.0000
    79    3    5  0.23803987E-09  0.58334145E-11  0.13887848E-01 11.6529  2.0000
    79    4    5  0.16867887E-01  0.39015625E-01  0.11573956E-10  5.6311  2.0000
    80    1    5  0.43664450E-12  0.26025715E-12  0.87911394E-04 19.8228  2.0000
    80    2    5  0.74668910E-11  0.12726267E-11  0.22966396E+00 13.6798  2.0000
    80    3    5  0.95957677E-10  0.36952963E-11  0.21039894E-02 12.2330  2.0000
    80    4    5  0.18316825E-01  0.12102976E-01  0.68736540E-10  7.5307  2.0000
    81    1    5  0.11637833E-11  0.12429085E-12  0.54762357E-04 21.5566  2.0000
    81    2    5  0.47243770E-10  0.93510151E-11  0.21931165E+00 13.9538  2.0000
    81    3    5  0.18924284E-09  0.54227904E-10  0.16083442E-02 12.5411  2.0000
    81    4    5  0.17983513E-01  0.26816115E-02  0.70094769E-09  9.3578  2.0000
    82    1    5  0.57028508E-10  0.25380267E-10  0.29079412E-03 23.1551  2.0000
    82    2    5  0.75067786E-10  0.84063075E-11  0.20077433E+00 14.3108  2.0000
    82    3    5  0.15869180E-08  0.22117324E-08  0.60971919E-02 12.6385  2.0000
    82    4    5  0.16429201E-01  0.11018949E-03  0.26460827E-07 11.0550  2.0000
    83    1    5  0.52400459E-04  0.78131809E-04  0.10427688E-11 23.2503  2.0000
    83    2    5  0.11106566E-04  0.25846918E-04  0.78084503E-08 13.2870  2.0000
    83    3    5  0.14892604E-03  0.20005725E-03  0.62614795E-09 11.3562  2.0000
    83    4    5  0.38233130E-09  0.11898886E-10  0.17629510E+00 11.2398  2.0000
    84    1    5  0.38197109E-04  0.32292373E-04  0.25571383E-11 23.0978  2.0000
    84    2    5  0.13522688E-04  0.20527450E-04  0.15232278E-09 12.1150  2.0000
    84    3    5  0.31506584E-11  0.10750031E-11  0.17545077E+00 11.1621  2.0000
    84    4    5  0.21272706E-03  0.46373572E-03  0.30373481E-10 10.1072  2.0000
    85    1    5  0.33071613E-04  0.11024903E-04  0.49085428E-12 22.9872  2.0000
    85    2    5  0.87789687E-11  0.24591867E-11  0.17483601E+00 11.1085  2.0000
    85    3    5  0.17498652E-04  0.58297448E-05  0.50066959E-10 11.0846  2.0000
    85    4    5  0.15916198E-03  0.47747410E-03  0.14982184E-12  9.2830  2.0000
    86    1    5  0.28483539E-11  0.41246021E-11  0.85239787E-12 17.2217  2.0000
    86    2    5  0.49909397E-11  0.57329766E-11  0.24269725E+00 13.2391  2.0000
    86    3    5  0.63601255E-11  0.62701712E-12  0.34087988E-11 11.8423  2.0000
    86    4    5  0.38660599E-01  0.12886647E-01  0.38190308E-10  4.8213  2.0000
    87    1    5  0.57413549E-13  0.33381300E-12  0.14663126E-02 15.4961  2.0000
    87    2    5  0.30065276E-12  0.41340492E-11  0.23463478E+00 13.0916  2.0000
    87    3    5  0.28142494E-11  0.13127810E-12  0.11583947E-01 11.4097  2.0000
    87    4    5  0.31331204E-01  0.59134893E-01  0.32942055E-11  3.0840  2.0000
    88    1    4  0.38463699E-13  0.78863861E-12  0.24923253E+00 12.2556  0.0010
    88    1    5  0.53549582E-12  0.35537643E-13  0.33112449E-02 14.0919  1.9980
    88    2    4  0.26366137E-12  0.72293880E-12  0.50339092E-02 11.3890  0.0010
    88    2    5  0.11266056E-11  0.49166973E-12  0.21917150E+00 13.2253  1.9980
    88    3    4  0.62204091E-11  0.52302722E-12  0.76670790E-03  9.1148  0.0010
    88    3    5  0.65981343E-11  0.84271409E-12  0.28460580E-01 10.9511  1.9980
    88    4    4  0.90828939E-01  0.18958879E-01  0.10413395E-10  0.0000  0.0000
    88    4    5  0.36592109E-02  0.21138509E+00  0.15528316E-10  1.8363  1.9969
    88    5    4  0.36592109E-02  0.21138509E+00  0.15528316E-10 -1.8363 -1.9969
    88    5    5  0.61800786E-01  0.20108085E-01  0.19877999E-10  0.0000  0.0000
    89    1    5  0.17138908E-11  0.62021242E-12  0.42248499E-02 14.6933  1.9999
    89    2    5  0.41157542E-11  0.58327188E-11  0.22427783E+00 13.1229  1.9999
    89    3    5  0.33502410E-12  0.30055694E-11  0.21132867E-01 11.1449  1.9999
    89    4    5  0.20100849E-01  0.12147100E+00  0.15127268E-11  2.3305  1.9999
    90    1    5  0.11237716E-11  0.29775238E-12  0.26300933E-03 16.3540  2.0000
    90    2    5  0.12616153E-11  0.23079426E-11  0.24171155E+00 13.1312  2.0000
    90    3    5  0.20431113E-11  0.21465146E-11  0.33862100E-02 11.6605  2.0000
    90    4    5  0.36574700E-01  0.28138968E-01  0.71005217E-11  3.9369  2.0000
    91    1    5  0.47690719E-12  0.16457546E-13  0.14314984E-03 18.0772  2.0000
    91    2    5  0.39164431E-10  0.47789290E-11  0.23682459E+00 13.4009  2.0000
    91    3    5  0.16685289E-10  0.54273191E-10  0.27195292E-02 11.9396  2.0000
    91    4    5  0.39018254E-01  0.53293229E-02  0.44572556E-10  5.7081  2.0000
    92    1    5  0.26154944E-12  0.63602468E-12  0.77341778E-03 19.7222  2.0000
    92    2    5  0.20071224E-10  0.67181818E-11  0.22102111E+00 13.8070  2.0000
    92    3    5  0.44540608E-10  0.34494913E-10  0.10975155E-01 11.9567  2.0000
    92    4    5  0.36899690E-01  0.26555209E-03  0.34579839E-10  7.4326  2.0000
    93    1    5  0.10928209E-11  0.59765778E-13  0.12819393E-02 21.2504  2.0000
    93    2    5  0.11336451E-10  0.86065293E-12  0.21179096E+00 14.2023  2.0000
    93    3    5  0.38718915E-10  0.17103493E-09  0.11101928E-01 11.8805  2.0000
    93    4    5  0.32412750E-01  0.40533983E-03  0.25799951E-10  9.0483  2.0000
    94    1    5  0.10641910E-11  0.53975817E-11  0.14232833E-02 22.6393  2.0000
    94    2    5  0.11797920E-10  0.12015007E-10  0.20461221E+00 14.5131  2.0000
    94    3    5  0.47837636E-09  0.13634648E-08  0.64292785E-02 11.8385  2.0000
    94    4    5  0.26530456E-01  0.19340693E-02  0.30813861E-07 10.5226  2.0000
    95    1    5  0.69644421E-04  0.55811243E-04  0.28121867E-09 23.3194  2.0000
    95    2    5  0.23421703E-04  0.20972820E-04  0.39088738E-07 14.1628  2.0000
    95    3    5  0.52939554E-03  0.13242694E-02  0.49060734E-10 11.3821  2.0000
    95    4    5  0.47615720E-08  0.11812848E-08  0.17629606E+00 11.2794  2.0000
    96    1    5  0.61762649E-04  0.20583102E-04  0.31720145E-11 23.1878  2.0000
    96    2    5  0.29553679E-04  0.98557947E-05  0.27859047E-09 13.0650  2.0000
    96    3    5  0.32952587E-10  0.12774795E-10  0.17579444E+00 11.2088  2.0000
    96    4    5  0.39700701E-03  0.11910937E-02  0.93006896E-12 10.5085  2.0000
    97    1    4  0.11820762E-12  0.17996505E-11  0.24743526E+00 12.4326  0.0114
    97    1    5  0.22775894E-11  0.25950605E-11  0.34125335E-11 13.8932  1.9886
    97    2    4  0.13749050E-13  0.12297120E-11  0.77137728E-12 11.2743  0.0114
    97    2    5  0.43674171E-11  0.18815490E-11  0.25086661E+00 12.7348  1.9886
    97    3    4  0.64260909E-12  0.92062080E-12  0.74761381E-02  9.7914  0.0114
    97    3    5  0.12238535E-11  0.18035638E-11  0.44210648E-11 11.2519  1.9886
    97    4    4  0.50090996E-01  0.15027387E+00  0.59091526E-12  0.0000  0.0000
    97    4    5  0.79856277E-01  0.26618266E-01  0.64896588E-12  1.4605  1.9772
    97    5    4  0.79856277E-01  0.26618266E-01  0.64896588E-12 -1.4605 -1.9772
    97    5    5  0.47791404E-01  0.14337439E+00  0.24916581E-11  0.0000  0.0000
    98    1    4  0.16825334E-11  0.37621610E-11  0.25065872E+00 12.4185  0.1767
    98    1    5  0.15664128E-11  0.73382996E-12  0.92559392E-03 13.2016  1.8269
    98    2    4  0.71952259E-11  0.20746592E-11  0.13092828E-02 11.8860  0.1767
    98    2    5  0.47947831E-12  0.22862035E-12  0.24715826E+00 12.6691  1.8269
    98    3    4  0.11457183E-11  0.16569679E-11  0.20253148E-02 10.2698  0.1767
    98    3    5  0.39292050E-12  0.58210264E-12  0.39037559E-02 11.0529  1.8269
    98    4    4  0.98512188E-01  0.58258226E-01  0.27220071E-11  0.0000  0.0000
    98    4    5  0.31244698E-01  0.11761429E+00  0.28064254E-12  0.7831  1.6502
    98    5    4  0.31244698E-01  0.11761429E+00  0.28064254E-12 -0.7831 -1.6502
    98    5    5  0.90271234E-01  0.56732991E-01  0.13470703E-13  0.0000  0.0000
    99    1    5  0.25450159E-11  0.19025264E-12  0.53616937E-03 14.6889  1.9999
    99    2    5  0.14133728E-11  0.26273910E-11  0.24486263E+00 12.8874  1.9999
    99    3    5  0.49418469E-11  0.13862979E-11  0.39649119E-02 11.3800  1.9999
    99    4    5  0.89039675E-01  0.63776499E-02  0.37039039E-11  2.2625  1.9998
   100    1    5  0.60521884E-12  0.34291486E-12  0.23248310E-02 16.2934  2.0000
   100    2    5  0.65742460E-11  0.88585889E-12  0.22624097E+00 13.3197  2.0000
   100    3    5  0.79278733E-11  0.35299846E-12  0.17384410E-01 11.3762  2.0000
   100    4    5  0.86683915E-01  0.60404296E-06  0.29960582E-12  3.8993  2.0000
   101    1    5  0.55004932E-13  0.11431804E-12  0.35120763E-02 17.8309  2.0000
   101    2    5  0.10654225E-12  0.43264634E-13  0.21950981E+00 13.7667  2.0000
   101    3    5  0.56181959E-13  0.11940595E-11  0.18938214E-01 11.2116  2.0000
   101    4    5  0.76701708E-01  0.18176779E-02  0.12738950E-11  5.4892  2.0000
   102    1    5  0.40601547E-13  0.35568442E-15  0.39281495E-02 19.2667  2.0000
   102    2    5  0.10610729E-11  0.62519644E-12  0.21918417E+00 14.1305  2.0000
   102    3    5  0.10840223E-10  0.12572578E-10  0.13548916E-01 11.0114  2.0000
   102    4    5  0.64055226E-01  0.45315871E-02  0.24870887E-11  6.9888  2.0000
   103    1    5  0.24799349E-12  0.10194790E-13  0.37281809E-02 20.6064  2.0000
   103    2    5  0.86470243E-12  0.83412399E-13  0.21902125E+00 14.4126  2.0000
   103    3    5  0.14909067E-10  0.50670273E-10  0.69448895E-02 10.9028  2.0000
   103    4    5  0.50759099E-01  0.66731646E-02  0.33135391E-11  8.3976  2.0000
   104    1    5  0.15783767E-10  0.37138223E-11  0.30909414E-02 21.8363  2.0000
   104    2    5  0.52906823E-10  0.28192246E-11  0.21547841E+00 14.6084  2.0000
   104    3    5  0.15334493E-08  0.49440904E-08  0.19164904E-02 10.9792  2.0000
   104    4    5  0.37853274E-01  0.79922451E-02  0.27038996E-10  9.6944  2.0000
   105    1    5  0.19749975E-10  0.67425943E-11  0.21480895E-02 22.9392  2.0000
   105    2    5  0.14555740E-10  0.63232577E-11  0.20558650E+00 14.7114  2.0000
   105    3    5  0.37773120E-09  0.11384836E-08  0.84447864E-12 11.3262  2.0000
   105    4    5  0.25692483E-01  0.85642058E-02  0.47133966E-07 10.8548  2.0000
   106    1    4  0.20414180E-11  0.10477760E-10  0.25444853E+00 12.3117  0.0297
   106    1    5  0.64307809E-12  0.23301860E-11  0.20798699E-13 13.5495  1.9655
   106    2    4  0.63247612E-11  0.22715534E-11  0.17125137E-11 11.6992  0.0297
   106    2    5  0.16789839E-12  0.54975807E-13  0.23191256E+00 12.9370  1.9655
   106    3    4  0.41287351E-11  0.71668432E-12  0.20317236E-12  9.8007  0.0297
   106    3    5  0.14617020E-11  0.33368729E-12  0.19621640E-01 11.0385  1.9655
   106    4    4  0.28003500E-01  0.84013526E-01  0.37628438E-11  0.0000  0.0000
   106    4    5  0.15211929E+00  0.50707176E-01  0.71996984E-11  1.2378  1.9358
   106    5    4  0.15211929E+00  0.50707176E-01  0.71996984E-11 -1.2378 -1.9358
   106    5    5  0.22721866E-01  0.68164225E-01  0.18202977E-12  0.0000  0.0000
   107    1    5  0.30255964E-12  0.27994504E-13  0.77100081E-02 14.7183  2.0000
   107    2    5  0.83023138E-13  0.43337002E-12  0.21245175E+00 13.4685  2.0000
   107    3    5  0.12439655E-11  0.12596958E-11  0.30037348E-01 10.8068  2.0000
   107    4    5  0.18558214E+00  0.25084107E-01  0.24631309E-11  2.4706  1.9999
   108    1    5  0.37405355E-13  0.23129645E-12  0.10925659E-01 16.0319  2.0000
   108    2    5  0.85714301E-13  0.37198390E-12  0.21366033E+00 13.8557  2.0000
   108    3    5  0.14053411E-11  0.33818439E-11  0.23757045E-01 10.4653  2.0000
   108    4    5  0.16316538E+00  0.21614652E-01  0.13160717E-11  3.7664  2.0000
   109    1    5  0.10779009E-12  0.47054942E-12  0.10619782E-01 17.3242  2.0000
   109    2    5  0.91267350E-12  0.37056941E-11  0.22013907E+00 14.1439  2.0000
   109    3    5  0.56719131E-10  0.81206895E-10  0.14759014E-01 10.1435  2.0000
   109    4    5  0.13166260E+00  0.20705445E-01  0.55009632E-11  5.0563  2.0000
   110    1    5  0.24596264E-11  0.25182741E-13  0.90072920E-02 18.5635  2.0000
   110    2    5  0.12630469E-10  0.31281210E-11  0.22519634E+00 14.3572  2.0000
   110    3    5  0.26162967E-09  0.73617242E-09  0.70409381E-02  9.9423  2.0000
   110    4    5  0.10063500E+00  0.19609470E-01  0.20416344E-12  6.3150  2.0000
   111    1    5  0.35220637E-11  0.72034499E-12  0.70643992E-02 19.7487  2.0000
   111    2    5  0.25222193E-10  0.44436295E-11  0.22663422E+00 14.5107  2.0000
   111    3    5  0.35515476E-09  0.11307981E-08  0.18648654E-02  9.9775  2.0000
   111    4    5  0.73525637E-01  0.18266922E-01  0.15244599E-10  7.5339  2.0000
   112    1    5  0.11351132E-10  0.35803540E-11  0.50173643E-02 20.8541  2.0000
   112    2    5  0.39626742E-10  0.15874796E-10  0.22356862E+00 14.5994  2.0000
   112    3    5  0.10290679E-08  0.30856277E-08  0.11374800E-12 10.3244  2.0000
   112    4    5  0.50248886E-01  0.16749612E-01  0.19644882E-10  8.6761  2.0000
   113    1    5  0.11286710E-13  0.17665604E-12  0.60090425E-13 14.9573  2.0000
   113    2    5  0.15914294E-12  0.21077028E-12  0.22459583E+00 14.1205  2.0000
   113    3    5  0.10535925E-11  0.83269079E-12  0.26433665E-01 10.0926  2.0000
   113    4    5  0.23354607E+00  0.77848684E-01  0.11752360E-13  2.9564  2.0000
   114    1    5  0.48874716E-12  0.10283346E-11  0.15614359E-01 15.7078  2.0000
   114    2    5  0.12218075E-11  0.24216562E-12  0.21921486E+00 14.3802  2.0000
   114    3    5  0.43555509E-11  0.11140065E-10  0.15862261E-01  9.4966  2.0000
   114    4    5  0.24456660E+00  0.65289712E-01  0.82997445E-12  3.6785  2.0000
   115    1    5  0.60623658E-13  0.47201069E-13  0.19156588E-01 16.6939  2.0000
   115    2    5  0.25710525E-12  0.19783672E-11  0.22225065E+00 14.4574  2.0000
   115    3    5  0.60529603E-10  0.73626387E-10  0.72001097E-02  9.1146  2.0000
   115    4    5  0.20129260E+00  0.52551900E-01  0.99393375E-12  4.5653  2.0000
   116    1    5  0.12467581E-12  0.17536515E-13  0.15542175E-01 17.7362  2.0000
   116    2    5  0.33979326E-11  0.18272525E-11  0.22784617E+00 14.5053  2.0000
   116    3    5  0.35224756E-10  0.92485789E-10  0.18498477E-02  9.0325  2.0000
   116    4    5  0.14837634E+00  0.42000555E-01  0.83871842E-11  5.5496  2.0000
   117    1    5  0.17162078E-11  0.61688961E-12  0.11085313E-01 18.7694  2.0000
   117    2    5  0.76436065E-11  0.41324247E-11  0.22968456E+00 14.5296  2.0000
   117    3    5  0.16978640E-09  0.47685129E-09  0.14560615E-12  9.3163  2.0000
   117    4    5  0.10183498E+00  0.33944998E-01  0.22413913E-11  6.5598  2.0000
   118    1    5  0.10118585E-10  0.25617715E-10  0.22347264E-13 15.6048  2.0000
   118    2    5  0.46473475E-12  0.96365046E-12  0.24409693E+00 14.7629  2.0000
   118    3    5  0.15422808E-10  0.18253641E-09  0.74301696E-02  8.7420  2.0000
   118    4    5  0.28504483E+00  0.95015162E-01  0.66664422E-11  3.7915  2.0000
   119    1    5  0.95410584E-12  0.51974369E-12  0.19815656E-01 16.0936  2.0000
   119    2    5  0.24750303E-12  0.41061672E-12  0.22885811E+00 14.7522  2.0000
   119    3    5  0.72877570E-10  0.21673398E-09  0.18903128E-02  8.3738  2.0000
   119    4    5  0.26973806E+00  0.85333513E-01  0.19244592E-11  4.1793  2.0000
   120    1    5  0.26980404E-12  0.13017911E-13  0.21954733E-01 16.8778  2.0000
   120    2    5  0.17543775E-11  0.51708114E-12  0.22637150E+00 14.6280  2.0000
   120    3    5  0.47673873E-10  0.10917855E-09  0.78562505E-13  8.4734  2.0000
   120    4    5  0.20661385E+00  0.68871416E-01  0.62836011E-11  4.7982  2.0000
   121    1    5  0.66467085E-12  0.30767397E-11  0.39482773E-13 15.7782  2.0000
   121    2    5  0.44528826E-12  0.22819057E-11  0.25115128E+00 14.9419  2.0000
   121    3    5  0.34437322E-10  0.37650949E-10  0.42189408E-12  8.0964  2.0000
   121    4    5  0.30064532E+00  0.10021518E+00  0.22286798E-11  4.0321  2.0000
