#         noname          noname
   0.02500000               0
   0.07500000               0
   0.12500000               0
   0.17500000               0
   0.22500000               0
   0.27500000               0
   0.32500000               0
   0.37500000               0
   0.42500000               0
   0.47500000               0
   0.52500000               0
   0.57500000               0
   0.62500000               0
   0.67500000               0
   0.72500000               0
   0.77500000               0
   0.82500000               0
   0.87500000               0
   0.92500000               0
   0.97500000               0
   1.02500000               0
   1.07500000               0
   1.12500000               0
   1.17500000               0
   1.22500000               0
   1.27500000               0
   1.32500000               0
   1.37500000               0
   1.42500000               0
   1.47500000               0
   1.52500000               0
   1.57500000               0
   1.62500000               0
   1.67500000               0
   1.72500000               0
   1.77500000               0
   1.82500000               0
   1.87500000               0
   1.92500000               0
   1.97500000               0
   2.02500000     6.32107e-08
   2.07500000     1.10252e-06
   2.12500000     1.28462e-05
   2.17500000     0.000117073
   2.22500000       0.0008474
   2.27500000      0.00489811
   2.32500000       0.0227547
   2.37500000       0.0856799
   2.42500000        0.264623
   2.47500000         0.68205
   2.52500000         1.50269
   2.57500000         2.91398
   2.62500000         5.11146
   2.67500000         8.23519
   2.72500000         12.1855
   2.77500000         16.4485
   2.82500000         20.2335
   2.87500000         22.9316
   2.92500000         24.4653
   2.97500000         25.2162
   3.02500000         25.7246
   3.07500000          26.436
   3.12500000         27.4975
   3.17500000          28.634
   3.22500000         29.3601
   3.27500000         29.5402
   3.32500000         29.7356
   3.37500000         30.8502
   3.42500000         33.4459
   3.47500000         37.5097
   3.52500000         42.7748
   3.57500000         48.9837
   3.62500000         55.6946
   3.67500000         61.9066
   3.72500000         66.0732
   3.77500000         66.7608
   3.82500000         63.5905
   3.87500000         57.6634
   3.92500000         50.9047
   3.97500000         44.7485
   4.02500000         39.3984
   4.07500000         34.3836
   4.12500000         29.6723
   4.17500000         26.0147
   4.22500000         24.2065
   4.27500000         24.2239
   4.32500000         25.1757
   4.37500000         25.9794
   4.42500000          25.995
   4.47500000         25.1491
   4.52500000         23.7035
   4.57500000         22.0068
   4.62500000         20.3794
   4.67500000         19.1111
   4.72500000         18.4525
   4.77500000         18.4753
   4.82500000          18.885
   4.87500000          19.068
   4.92500000         18.4564
   4.97500000         16.9249
   5.02500000         14.8744
   5.07500000         12.9525
   5.12500000         11.6573
   5.17500000         11.1279
   5.22500000         11.2047
   5.27500000         11.6079
   5.32500000         12.0585
   5.37500000         12.3093
   5.42500000          12.175
   5.47500000         11.6109
   5.52500000         10.7563
   5.57500000         9.83972
   5.62500000         9.01238
   5.67500000         8.29106
   5.72500000         7.65344
   5.77500000         7.14324
   5.82500000         6.86529
   5.87500000          6.8959
   5.92500000         7.18908
   5.97500000         7.54824
   6.02500000         7.71652
   6.07500000         7.54075
   6.12500000          7.0552
   6.17500000         6.41233
   6.22500000         5.76363
   6.27500000         5.20571
   6.32500000         4.78637
   6.37500000          4.5201
   6.42500000         4.40176
   6.47500000         4.41996
   6.52500000         4.55482
   6.57500000         4.75868
   6.62500000         4.94892
   6.67500000         5.03452
   6.72500000         4.96038
   6.77500000         4.73724
   6.82500000         4.43641
   6.87500000         4.15061
   6.92500000         3.94323
   6.97500000          3.8209
   7.02500000         3.75094
   7.07500000         3.70841
   7.12500000         3.70491
   7.17500000         3.76586
   7.22500000         3.87961
   7.27500000         3.97714
   7.32500000         3.97168
   7.37500000         3.82424
   7.42500000         3.57153
   7.47500000         3.28996
   7.52500000         3.03944
   7.57500000         2.84475
   7.62500000         2.71398
   7.67500000         2.65296
   7.72500000         2.65842
   7.77500000         2.70732
   7.82500000         2.76188
   7.87500000         2.79204
   7.92500000         2.79318
   7.97500000         2.77411
   8.02500000         2.72925
   8.07500000         2.63849
   8.12500000          2.4993
   8.17500000         2.34381
   8.22500000         2.21559
   8.27500000         2.13644
   8.32500000         2.09712
   8.37500000         2.07136
   8.42500000          2.0362
   8.47500000         1.98657
   8.52500000         1.93614
   8.57500000         1.90338
   8.62500000         1.89323
   8.67500000         1.88997
   8.72500000         1.86919
   8.77500000         1.81932
   8.82500000         1.75114
   8.87500000         1.68454
   8.92500000         1.62719
   8.97500000         1.56862
   9.02500000         1.49547
   9.07500000         1.40977
   9.12500000         1.33042
   9.17500000         1.27881
   9.22500000         1.26562
   9.27500000         1.28794
   9.32500000         1.33161
   9.37500000         1.37444
   9.42500000         1.39296
   9.47500000         1.37435
   9.52500000         1.32485
   9.57500000         1.26293
   9.62500000         1.20169
   9.67500000         1.14036
   9.72500000         1.07483
   9.77500000          1.0119
   9.82500000        0.968463
   9.87500000        0.958328
   9.92500000        0.982035
   9.97500000         1.02592
  10.02500000         1.06812
  10.07500000         1.08939
  10.12500000         1.08313
  10.17500000         1.05596
  10.22500000          1.0184
  10.27500000        0.976098
  10.32500000        0.929693
  10.37500000        0.880604
  10.42500000        0.834895
  10.47500000        0.801196
  10.52500000         0.78502
  10.57500000        0.785291
  10.62500000        0.796363
  10.67500000        0.812123
  10.72500000        0.827255
  10.77500000        0.836652
  10.82500000        0.836176
  10.87500000        0.824117
  10.92500000        0.801499
  10.97500000         0.77135
  11.02500000        0.737334
  11.07500000        0.702359
  11.12500000        0.668839
  11.17500000        0.640612
  11.22500000        0.623419
  11.27500000        0.621637
  11.32500000        0.633856
  11.37500000        0.652431
  11.42500000        0.668352
  11.47500000         0.67684
  11.52500000        0.678288
  11.57500000        0.674491
  11.62500000        0.665401
  11.67500000        0.649913
  11.72500000        0.628413
  11.77500000        0.603477
  11.82500000        0.578695
  11.87500000        0.557134
  11.92500000        0.540327
  11.97500000        0.528448
  12.02500000        0.521085
  12.07500000        0.517425
  12.12500000        0.516389
  12.17500000        0.517327
  12.22500000        0.519833
  12.27500000        0.522367
  12.32500000        0.522024
  12.37500000        0.516358
  12.42500000        0.505017
  12.47500000        0.489406
  12.52500000        0.471389
  12.57500000        0.452996
  12.62500000        0.437213
  12.67500000        0.427812
  12.72500000        0.427013
  12.77500000        0.433141
  12.82500000        0.441298
  12.87500000        0.446566
  12.92500000        0.446665
  12.97500000        0.442336
  13.02500000        0.435932
  13.07500000        0.429564
  13.12500000        0.424313
  13.17500000        0.420649
  13.22500000        0.418497
  13.27500000        0.416647
  13.32500000        0.412942
  13.37500000        0.405459
  13.42500000        0.393725
  13.47500000        0.379494
  13.52500000          0.3663
  13.57500000        0.357293
  13.62500000        0.353239
  13.67500000        0.352894
  13.72500000        0.354864
  13.77500000        0.358284
  13.82500000         0.36201
  13.87500000        0.364257
  13.92500000        0.363526
  13.97500000        0.359671
  14.02500000         0.35381
  14.07500000        0.347013
  14.12500000        0.339282
  14.17500000        0.330408
  14.22500000        0.321693
  14.27500000        0.315555
  14.32500000        0.313042
  14.37500000        0.312897
  14.42500000        0.313718
  14.47500000        0.315987
  14.52500000        0.320931
  14.57500000        0.327826
  14.62500000        0.333653
  14.67500000        0.335652
  14.72500000        0.333343
  14.77500000        0.327849
  14.82500000        0.320255
  14.87500000        0.311132
  14.92500000        0.300952
  14.97500000          0.2904
  15.02500000        0.280482
  15.07500000        0.272514
  15.12500000         0.26768
  15.17500000        0.266144
  15.22500000        0.266509
  15.27500000        0.266478
  15.32500000        0.264454
  15.37500000        0.260671
  15.42500000        0.256775
  15.47500000         0.25437
  15.52500000        0.253932
  15.57500000        0.254726
  15.62500000        0.255226
  15.67500000         0.25344
  15.72500000        0.247499
  15.77500000        0.236935
  15.82500000        0.223682
  15.87500000        0.211397
  15.92500000        0.203342
  15.97500000        0.200576
  16.02500000        0.201651
  16.07500000        0.203638
  16.12500000        0.203758
  16.17500000        0.200842
  16.22500000        0.195806
  16.27500000        0.190762
  16.32500000        0.187307
  16.37500000        0.185365
  16.42500000        0.183521
  16.47500000        0.180517
  16.52500000        0.176453
  16.57500000        0.172588
  16.62500000        0.170098
  16.67500000        0.169202
  16.72500000        0.169313
  16.77500000        0.169645
  16.82500000        0.169552
  16.87500000        0.168493
  16.92500000        0.165942
  16.97500000        0.161721
  17.02500000        0.156661
  17.07500000        0.152493
  17.12500000         0.15045
  17.17500000        0.149933
  17.22500000        0.148911
  17.27500000        0.145718
  17.32500000        0.140309
  17.37500000          0.1339
  17.42500000        0.127755
  17.47500000         0.12232
  17.52500000        0.117137
  17.57500000        0.111484
  17.62500000        0.105362
  17.67500000       0.0998311
  17.72500000       0.0961937
  17.77500000       0.0949323
  17.82500000       0.0955656
  17.87500000       0.0973705
  17.92500000        0.099999
  17.97500000        0.103287
  18.02500000        0.106495
  18.07500000        0.108042
  18.12500000        0.106368
  18.17500000        0.101205
  18.22500000       0.0938583
  18.27500000       0.0862535
  18.32500000       0.0797773
  18.37500000       0.0749306
  18.42500000       0.0716725
  18.47500000       0.0697895
  18.52500000       0.0691283
  18.57500000        0.069776
  18.62500000       0.0719024
  18.67500000       0.0752036
  18.72500000       0.0785618
  18.77500000       0.0804018
  18.82500000       0.0795224
  18.87500000       0.0758259
  18.92500000       0.0704338
  18.97500000       0.0650897
  19.02500000       0.0613298
  19.07500000       0.0599563
  19.12500000       0.0608882
  19.17500000       0.0632489
  19.22500000       0.0657248
  19.27500000       0.0672958
  19.32500000       0.0680399
  19.37500000       0.0691803
  19.42500000       0.0719529
  19.47500000       0.0762508
  19.52500000       0.0805024
  19.57500000       0.0828695
  19.62500000        0.082443
  19.67500000       0.0795011
  19.72500000       0.0751053
  19.77500000       0.0705737
  19.82500000       0.0669594
  19.87500000       0.0646804
  19.92500000       0.0635969
  19.97500000        0.063451
  20.02500000        0.064192
  20.07500000       0.0659036
  20.12500000       0.0685219
  20.17500000       0.0716617
  20.22500000       0.0746404
  20.27500000       0.0766023
  20.32500000       0.0767331
  20.37500000       0.0746767
  20.42500000       0.0710055
  20.47500000       0.0671524
  20.52500000       0.0645021
  20.57500000       0.0633683
  20.62500000       0.0629371
  20.67500000       0.0622319
  20.72500000       0.0610446
  20.77500000        0.059973
  20.82500000       0.0597492
  20.87500000       0.0606229
  20.92500000       0.0622694
  20.97500000       0.0641005
  21.02500000       0.0655593
  21.07500000       0.0662061
  21.12500000       0.0657836
  21.17500000       0.0643898
  21.22500000       0.0624832
  21.27500000       0.0605129
  21.32500000        0.058539
  21.37500000       0.0563435
  21.42500000        0.053897
  21.47500000       0.0515916
  21.52500000       0.0500161
  21.57500000       0.0495827
  21.62500000       0.0503064
  21.67500000       0.0517905
  21.72500000       0.0533793
  21.77500000       0.0544204
  21.82500000       0.0545215
  21.87500000       0.0536872
  21.92500000       0.0522519
  21.97500000       0.0506247
  22.02500000       0.0490412
  22.07500000       0.0475452
  22.12500000       0.0461706
  22.17500000        0.045051
  22.22500000       0.0443229
  22.27500000       0.0440051
  22.32500000       0.0440463
  22.37500000        0.044417
  22.42500000       0.0450285
  22.47500000       0.0455813
  22.52500000       0.0456769
  22.57500000       0.0452073
  22.62500000       0.0445602
  22.67500000       0.0442926
  22.72500000       0.0445693
  22.77500000       0.0449828
  22.82500000        0.044942
  22.87500000       0.0442021
  22.92500000       0.0430171
  22.97500000       0.0418349
  23.02500000       0.0408983
  23.07500000       0.0401166
  23.12500000       0.0392277
  23.17500000       0.0380367
  23.22500000       0.0366144
  23.27500000       0.0353976
  23.32500000         0.03502
  23.37500000       0.0358588
  23.42500000       0.0376686
  23.47500000       0.0396625
  23.52500000       0.0409608
  23.57500000       0.0410526
  23.62500000       0.0400107
  23.67500000       0.0383987
  23.72500000       0.0369411
  23.77500000       0.0361117
  23.82500000       0.0358617
  23.87500000       0.0357115
  23.92500000       0.0351885
  23.97500000       0.0342499
  24.02500000       0.0332906
  24.07500000        0.032728
  24.12500000       0.0326035
  24.17500000       0.0326429
  24.22500000       0.0326698
  24.27500000       0.0328052
  24.32500000       0.0332077
  24.37500000       0.0337561
  24.42500000        0.034089
  24.47500000       0.0339013
  24.52500000        0.033168
  24.57500000       0.0321544
  24.62500000        0.031249
  24.67500000       0.0306932
  24.72500000       0.0303708
  24.77500000       0.0298792
  24.82500000       0.0289049
  24.87500000       0.0275453
  24.92500000       0.0261993
  24.97500000       0.0251572
  25.02500000       0.0243791
  25.07500000       0.0236445
  25.12500000       0.0227974
  25.17500000       0.0218211
  25.22500000       0.0207748
  25.27500000       0.0197322
  25.32500000       0.0187649
  25.37500000       0.0179479
  25.42500000       0.0173748
  25.47500000        0.017149
  25.52500000       0.0172973
  25.57500000       0.0176699
  25.62500000       0.0179983
  25.67500000       0.0181156
  25.72500000       0.0181072
  25.77500000       0.0181986
  25.82500000       0.0184841
  25.87500000       0.0187983
  25.92500000       0.0188904
  25.97500000       0.0187098
  26.02500000       0.0184563
  26.07500000       0.0183408
  26.12500000       0.0183744
  26.17500000       0.0184311
  26.22500000       0.0184443
  26.27500000       0.0184771
  26.32500000       0.0186165
  26.37500000       0.0188452
  26.42500000       0.0190436
  26.47500000       0.0191115
  26.52500000       0.0190488
  26.57500000       0.0188967
  26.62500000       0.0186507
  26.67500000       0.0182967
  26.72500000       0.0179088
  26.77500000       0.0176059
  26.82500000       0.0173616
  26.87500000       0.0169472
  26.92500000       0.0161645
  26.97500000       0.0151097
  27.02500000       0.0141208
  27.07500000       0.0134659
  27.12500000       0.0131351
  27.17500000         0.01292
  27.22500000       0.0126295
  27.27500000       0.0122227
  27.32500000       0.0117867
  27.37500000       0.0114253
  27.42500000       0.0111661
  27.47500000       0.0109702
  27.52500000       0.0108157
  27.57500000       0.0107412
  27.62500000       0.0107918
  27.67500000       0.0109446
  27.72500000       0.0111039
  27.77500000       0.0111765
  27.82500000       0.0111574
  27.87500000       0.0111374
  27.92500000       0.0112129
  27.97500000       0.0113821
  28.02500000       0.0115441
  28.07500000       0.0116017
  28.12500000        0.011547
  28.17500000       0.0114464
  28.22500000       0.0113645
  28.27500000       0.0113066
  28.32500000       0.0112178
  28.37500000       0.0110292
  28.42500000       0.0107282
  28.47500000       0.0103895
  28.52500000       0.0101235
  28.57500000      0.00998899
  28.62500000      0.00997117
  28.67500000        0.010038
  28.72500000       0.0101894
  28.77500000       0.0104311
  28.82500000       0.0107117
  28.87500000       0.0109194
  28.92500000       0.0109549
  28.97500000       0.0108009
  29.02500000       0.0105126
  29.07500000       0.0101537
  29.12500000      0.00975752
  29.17500000      0.00933616
  29.22500000      0.00890636
  29.27500000       0.0085055
  29.32500000      0.00818705
  29.37500000      0.00797574
  29.42500000      0.00781178
  29.47500000      0.00756834
  29.52500000      0.00715942
  29.57500000      0.00663114
  29.62500000      0.00613041
  29.67500000      0.00577692
  29.72500000      0.00557009
  29.77500000      0.00542346
  29.82500000      0.00527118
  29.87500000      0.00511548
  29.92500000      0.00498636
  29.97500000      0.00489653
