#         noname          noname
   0.02500000               0
   0.07500000               0
   0.12500000               0
   0.17500000               0
   0.22500000               0
   0.27500000               0
   0.32500000               0
   0.37500000               0
   0.42500000               0
   0.47500000               0
   0.52500000               0
   0.57500000               0
   0.62500000               0
   0.67500000               0
   0.72500000               0
   0.77500000               0
   0.82500000               0
   0.87500000               0
   0.92500000               0
   0.97500000               0
   1.02500000               0
   1.07500000               0
   1.12500000               0
   1.17500000               0
   1.22500000               0
   1.27500000               0
   1.32500000               0
   1.37500000               0
   1.42500000               0
   1.47500000               0
   1.52500000               0
   1.57500000               0
   1.62500000               0
   1.67500000               0
   1.72500000               0
   1.77500000               0
   1.82500000               0
   1.87500000               0
   1.92500000               0
   1.97500000               0
   2.02500000               0
   2.07500000               0
   2.12500000               0
   2.17500000     9.11119e-07
   2.22500000     1.65439e-05
   2.27500000      0.00019303
   2.32500000      0.00176303
   2.37500000        0.012765
   2.42500000       0.0734291
   2.47500000        0.336264
   2.52500000         1.22805
   2.57500000         3.58164
   2.62500000         8.35111
   2.67500000          15.581
   2.72500000         23.2951
   2.77500000         28.0306
   2.82500000         27.5466
   2.87500000         23.1385
   2.92500000          18.576
   2.97500000         16.6792
   3.02500000          17.581
   3.07500000         20.2418
   3.12500000         24.3515
   3.17500000         29.8262
   3.22500000         35.4867
   3.27500000         40.0081
   3.32500000         43.9661
   3.37500000         49.2011
   3.42500000         55.8797
   3.47500000         61.5831
   3.52500000         63.9084
   3.57500000         63.2268
   3.62500000         62.1525
   3.67500000         62.2703
   3.72500000         61.9119
   3.77500000         57.7699
   3.82500000         48.6709
   3.87500000          37.118
   3.92500000         27.0042
   3.97500000         20.4172
   4.02500000         16.8038
   4.07500000         14.5524
   4.12500000         12.7884
   4.17500000         11.6632
   4.22500000         11.4388
   4.27500000         11.8778
   4.32500000         12.6259
   4.37500000         13.8188
   4.42500000          16.013
   4.47500000         19.4986
   4.52500000         23.6745
   4.57500000         27.1453
   4.62500000          28.797
   4.67500000         29.0485
   4.72500000         29.6919
   4.77500000         32.0706
   4.82500000          35.583
   4.87500000         38.2216
   4.92500000         38.2954
   4.97500000         35.3775
   5.02500000          30.045
   5.07500000          23.388
   5.12500000         16.7782
   5.17500000         11.5335
   5.22500000         8.40959
   5.27500000         7.38392
   5.32500000         7.90223
   5.37500000         9.23644
   5.42500000         10.6749
   5.47500000         11.5968
   5.52500000         11.5682
   5.57500000         10.5136
   5.62500000         8.86967
   5.67500000         7.43449
   5.72500000         6.80858
   5.77500000         6.91951
   5.82500000         7.21151
   5.87500000         7.27636
   5.92500000         7.12914
   5.97500000         6.88739
   6.02500000         6.45086
   6.07500000          5.6643
   6.12500000         4.65296
   6.17500000         3.79842
   6.22500000         3.39252
   6.27500000         3.39498
   6.32500000         3.49878
   6.37500000         3.38817
   6.42500000         2.96079
   6.47500000         2.34228
   6.52500000         1.73753
   6.57500000         1.30477
   6.62500000         1.12474
   6.67500000         1.21087
   6.72500000         1.52141
   6.77500000         1.95617
   6.82500000         2.34888
   6.87500000         2.52807
   6.92500000         2.45848
   6.97500000         2.32918
   7.02500000         2.47671
   7.07500000         3.19594
   7.12500000         4.55185
   7.17500000         6.26383
   7.22500000         7.74866
   7.27500000         8.39863
   7.32500000         7.96623
   7.37500000         6.73118
   7.42500000         5.29172
   7.47500000         4.18047
   7.52500000         3.60025
   7.57500000         3.41317
   7.62500000         3.35295
   7.67500000         3.27613
   7.72500000         3.20878
   7.77500000         3.17978
   7.82500000         3.11626
   7.87500000         2.96813
   7.92500000         2.85894
   7.97500000         2.99067
   8.02500000         3.38542
   8.07500000         3.79693
   8.12500000         3.90578
   8.17500000          3.5746
   8.22500000         2.92087
   8.27500000         2.18925
   8.32500000         1.58379
   8.37500000         1.20369
   8.42500000         1.06683
   8.47500000         1.12382
   8.52500000         1.26425
   8.57500000          1.3801
   8.62500000         1.44222
   8.67500000         1.48445
   8.72500000         1.52037
   8.77500000         1.51714
   8.82500000         1.44945
   8.87500000         1.33617
   8.92500000         1.20929
   8.97500000          1.0814
   9.02500000        0.969712
   9.07500000        0.926018
   9.12500000         1.00267
   9.17500000         1.18513
   9.22500000         1.38263
   9.27500000          1.5038
   9.32500000         1.53702
   9.37500000         1.54355
   9.42500000         1.57823
   9.47500000         1.62971
   9.52500000         1.62894
   9.57500000         1.50423
   9.62500000         1.24279
   9.67500000        0.919473
   9.72500000        0.664481
   9.77500000        0.586494
   9.82500000        0.708228
   9.87500000        0.959454
   9.92500000         1.22367
   9.97500000         1.39913
  10.02500000         1.43841
  10.07500000          1.3565
  10.12500000         1.21292
  10.17500000         1.07869
  10.22500000          1.0049
  10.27500000         1.00503
  10.32500000         1.05107
  10.37500000         1.08565
  10.42500000          1.0552
  10.47500000        0.948801
  10.52500000        0.807783
  10.57500000         0.69642
  10.62500000        0.666726
  10.67500000        0.740753
  10.72500000        0.897461
  10.77500000         1.06681
  10.82500000         1.16117
  10.87500000         1.13389
  10.92500000         1.00655
  10.97500000        0.839659
  11.02500000        0.685483
  11.07500000        0.566655
  11.12500000        0.480899
  11.17500000        0.411894
  11.22500000        0.343425
  11.27500000        0.276569
  11.32500000        0.230988
  11.37500000        0.222962
  11.42500000        0.247799
  11.47500000        0.290657
  11.52500000         0.34863
  11.57500000         0.42941
  11.62500000        0.523209
  11.67500000        0.587191
  11.72500000        0.576255
  11.77500000        0.493017
  11.82500000        0.394206
  11.87500000        0.343344
  11.92500000        0.366044
  11.97500000        0.448182
  12.02500000        0.558371
  12.07500000        0.663397
  12.12500000        0.734746
  12.17500000        0.759778
  12.22500000        0.756022
  12.27500000        0.768414
  12.32500000        0.836734
  12.37500000        0.952845
  12.42500000         1.05088
  12.47500000         1.05336
  12.52500000        0.937444
  12.57500000        0.753598
  12.62500000        0.578008
  12.67500000        0.455312
  12.72500000        0.387654
  12.77500000        0.360376
  12.82500000        0.361111
  12.87500000        0.378555
  12.92500000        0.398582
  12.97500000        0.410194
  13.02500000        0.415494
  13.07500000         0.42901
  13.12500000        0.459557
  13.17500000        0.492987
  13.22500000        0.503866
  13.27500000        0.488531
  13.32500000        0.474981
  13.37500000         0.48981
  13.42500000        0.521772
  13.47500000        0.529676
  13.52500000        0.485209
  13.57500000        0.398872
  13.62500000        0.304474
  13.67500000        0.228601
  13.72500000        0.177963
  13.77500000        0.147498
  13.82500000        0.133089
  13.87500000        0.135971
  13.92500000        0.156942
  13.97500000         0.18901
  14.02500000        0.217996
  14.07500000        0.230431
  14.12500000        0.221744
  14.17500000        0.200651
  14.22500000        0.186411
  14.27500000        0.196447
  14.32500000        0.231796
  14.37500000        0.274966
  14.42500000        0.303758
  14.47500000        0.307706
  14.52500000        0.292354
  14.57500000        0.270347
  14.62500000        0.250644
  14.67500000        0.235582
  14.72500000        0.224843
  14.77500000        0.219008
  14.82500000        0.219033
  14.87500000        0.224471
  14.92500000        0.234265
  14.97500000        0.249639
  15.02500000        0.275254
  15.07500000        0.315451
  15.12500000        0.366636
  15.17500000        0.414009
  15.22500000        0.441273
  15.27500000        0.446207
  15.32500000        0.441697
  15.37500000        0.438455
  15.42500000        0.432469
  15.47500000        0.413341
  15.52500000        0.379205
  15.57500000        0.338184
  15.62500000        0.299581
  15.67500000        0.270845
  15.72500000        0.261417
  15.77500000        0.278747
  15.82500000        0.314414
  15.87500000        0.341258
  15.92500000        0.333689
  15.97500000        0.290341
  16.02500000        0.232477
  16.07500000        0.182681
  16.12500000        0.149973
  16.17500000        0.133055
  16.22500000        0.129752
  16.27500000        0.138658
  16.32500000        0.154977
  16.37500000        0.171236
  16.42500000        0.183178
  16.47500000        0.190775
  16.52500000        0.193252
  16.57500000        0.188134
  16.62500000        0.175944
  16.67500000         0.16113
  16.72500000        0.147607
  16.77500000        0.136774
  16.82500000        0.129347
  16.87500000        0.125623
  16.92500000        0.124133
  16.97500000        0.122575
  17.02500000        0.119934
  17.07500000         0.11629
  17.12500000        0.111586
  17.17500000        0.106459
  17.22500000        0.103436
  17.27500000        0.104661
  17.32500000        0.108154
  17.37500000         0.10885
  17.42500000        0.104081
  17.47500000       0.0959251
  17.52500000       0.0879446
  17.57500000       0.0823398
  17.62500000       0.0806972
  17.67500000       0.0840886
  17.72500000        0.090507
  17.77500000       0.0943694
  17.82500000        0.090946
  17.87500000       0.0810346
  17.92500000       0.0702554
  17.97500000       0.0640309
  18.02500000       0.0641337
  18.07500000       0.0696611
  18.12500000       0.0790205
  18.17500000       0.0896047
  18.22500000       0.0978943
  18.27500000         0.10268
  18.32500000        0.106731
  18.37500000        0.112327
  18.42500000         0.11627
  18.47500000        0.112807
  18.52500000        0.101813
  18.57500000       0.0915926
  18.62500000       0.0926254
  18.67500000         0.10857
  18.72500000         0.13183
  18.77500000        0.147222
  18.82500000        0.142561
  18.87500000        0.117982
  18.92500000       0.0848179
  18.97500000       0.0557885
  19.02500000       0.0374375
  19.07500000       0.0304793
  19.12500000       0.0337663
  19.17500000       0.0463085
  19.22500000       0.0665231
  19.27500000       0.0904646
  19.32500000        0.110924
  19.37500000         0.11958
  19.42500000        0.112296
  19.47500000       0.0928341
  19.52500000       0.0703362
  19.57500000       0.0532167
  19.62500000       0.0457607
  19.67500000       0.0485932
  19.72500000       0.0595569
  19.77500000       0.0738107
  19.82500000        0.085255
  19.87500000       0.0899404
  19.92500000       0.0886556
  19.97500000       0.0857244
  20.02500000       0.0848434
  20.07500000       0.0861929
  20.12500000       0.0873752
  20.17500000       0.0860305
  20.22500000       0.0811101
  20.27500000       0.0729147
  20.32500000       0.0630653
  20.37500000       0.0540525
  20.42500000       0.0479887
  20.47500000       0.0453779
  20.52500000        0.044783
  20.57500000       0.0437858
  20.62500000       0.0410224
  20.67500000       0.0376332
  20.72500000       0.0361336
  20.77500000       0.0375229
  20.82500000       0.0400579
  20.87500000       0.0411864
  20.92500000       0.0400682
  20.97500000       0.0378019
  21.02500000       0.0359484
  21.07500000        0.035583
  21.12500000       0.0372985
  21.17500000       0.0414595
  21.22500000       0.0485389
  21.27500000       0.0588659
  21.32500000        0.071046
  21.37500000       0.0808989
  21.42500000       0.0836665
  21.47500000       0.0780952
  21.52500000       0.0677813
  21.57500000       0.0582527
  21.62500000       0.0531453
  21.67500000       0.0531666
  21.72500000       0.0577496
  21.77500000        0.066176
  21.82500000       0.0764659
  21.87500000       0.0845418
  21.92500000       0.0862581
  21.97500000       0.0804183
  22.02500000       0.0694098
  22.07500000       0.0573238
  22.12500000       0.0475723
  22.17500000       0.0414354
  22.22500000       0.0382251
  22.27500000       0.0367446
  22.32500000        0.036357
  22.37500000       0.0365605
  22.42500000       0.0362924
  22.47500000        0.034676
  22.52500000       0.0323937
  22.57500000       0.0313512
  22.62500000       0.0327246
  22.67500000       0.0359148
  22.72500000       0.0394003
  22.77500000       0.0419508
  22.82500000       0.0429682
  22.87500000       0.0423782
  22.92500000       0.0406853
  22.97500000       0.0388913
  23.02500000       0.0379328
  23.07500000       0.0381539
  23.12500000       0.0393998
  23.17500000       0.0414727
  23.22500000       0.0442697
  23.27500000       0.0473922
  23.32500000       0.0498409
  23.37500000       0.0505863
  23.42500000       0.0495662
  23.47500000       0.0476822
  23.52500000       0.0456186
  23.57500000       0.0430487
  23.62500000       0.0393365
  23.67500000       0.0349472
  23.72500000       0.0318021
  23.77500000         0.03179
  23.82500000       0.0347673
  23.87500000       0.0383319
  23.92500000       0.0398411
  23.97500000       0.0384607
  24.02500000       0.0351524
  24.07500000       0.0313215
  24.12500000       0.0279602
  24.17500000       0.0254772
  24.22500000       0.0237339
  24.27500000       0.0226029
  24.32500000       0.0226802
  24.37500000        0.024827
  24.42500000       0.0288232
  24.47500000       0.0331438
  24.52500000       0.0363539
  24.57500000       0.0382054
  24.62500000       0.0390711
  24.67500000       0.0388343
  24.72500000         0.03694
  24.77500000       0.0333985
  24.82500000       0.0291959
  24.87500000        0.025556
  24.92500000       0.0230233
  24.97500000       0.0213145
  25.02500000       0.0198454
  25.07500000       0.0183689
  25.12500000       0.0172913
  25.17500000       0.0173973
  25.22500000       0.0191695
  25.27500000       0.0223465
  25.32500000        0.025963
  25.37500000        0.028554
  25.42500000       0.0286053
  25.47500000       0.0255413
  25.52500000        0.020487
  25.57500000       0.0156717
  25.62500000        0.012899
  25.67500000       0.0125322
  25.72500000       0.0135631
  25.77500000       0.0144354
  25.82500000       0.0141738
  25.87500000       0.0130881
  25.92500000       0.0123478
  25.97500000       0.0128326
  26.02500000       0.0144923
  26.07500000       0.0166725
  26.12500000       0.0187009
  26.17500000       0.0201688
  26.22500000       0.0210317
  26.27500000       0.0215295
  26.32500000       0.0218673
  26.37500000       0.0220679
  26.42500000       0.0220798
  26.47500000       0.0216773
  26.52500000       0.0204214
  26.57500000       0.0182489
  26.62500000       0.0159717
  26.67500000       0.0147639
  26.72500000       0.0152678
  26.77500000       0.0172928
  26.82500000       0.0199223
  26.87500000       0.0217563
  26.92500000       0.0217103
  26.97500000       0.0200423
  27.02500000       0.0182708
  27.07500000       0.0177637
  27.12500000       0.0185597
  27.17500000       0.0196268
  27.22500000       0.0199261
  27.27500000        0.019022
  27.32500000       0.0170546
  27.37500000       0.0146176
  27.42500000       0.0125951
  27.47500000        0.011696
  27.52500000       0.0119265
  27.57500000       0.0125313
  27.62500000       0.0125654
  27.67500000       0.0116606
  27.72500000       0.0102483
  27.77500000      0.00899612
  27.82500000      0.00818489
  27.87500000      0.00779691
  27.92500000      0.00801224
  27.97500000       0.0092116
  28.02500000       0.0113235
  28.07500000       0.0133664
  28.12500000       0.0139697
  28.17500000       0.0124918
  28.22500000       0.0095322
  28.27500000      0.00633622
  28.32500000      0.00386405
  28.37500000      0.00243854
  28.42500000      0.00200889
  28.47500000      0.00248837
  28.52500000       0.0037791
  28.57500000      0.00554106
  28.62500000      0.00710918
  28.67500000       0.0078839
  28.72500000      0.00791832
  28.77500000      0.00799804
  28.82500000      0.00894766
  28.87500000       0.0107487
  28.92500000       0.0123867
  28.97500000       0.0127262
  29.02500000       0.0115636
  29.07500000      0.00971845
  29.12500000      0.00818701
  29.17500000      0.00741165
  29.22500000      0.00729087
  29.27500000      0.00761569
  29.32500000      0.00834726
  29.37500000      0.00948828
  29.42500000       0.0108048
  29.47500000       0.0118592
  29.52500000       0.0123828
  29.57500000        0.012468
  29.62500000       0.0122863
  29.67500000       0.0117408
  29.72500000       0.0105483
  29.77500000      0.00863467
  29.82500000      0.00634075
  29.87500000      0.00420037
  29.92500000      0.00256948
  29.97500000       0.0014984
